104.060348
104.061252
104.06109
104.060975
104.060865
104.060675
104.060023
104.059905
104.059908
104.059943
104.059963
104.059968
104.059963
104.059967
104.05997
104.059977
104.059978
104.059983
104.059987
104.05999
104.059993
104.059998
104.060005
104.06001
104.060017
104.06002
104.06002
104.060027
104.060035
104.060035
104.060033
104.06004
104.060043
104.060052
104.06007
104.060093
104.060138
104.060158
104.0602
104.060222
104.060233
104.060247
104.06026
104.060277
104.060287
104.06029
104.0603
104.06031
104.060323
104.060335
104.060348
104.060357
104.06037
104.060383
104.060397
104.060427
104.060458
104.060467
104.060507
104.060518
104.060545
104.060552
104.06058
104.060593
104.060598
104.06063
104.060652
104.060667
104.060692
104.060705
104.060777
104.0608
104.06086
104.060865
104.060862
104.060868
104.060877
104.060897
104.060895
104.060895
104.060893
104.060895
104.060893
104.060893
104.060893
104.060893
104.060893
104.061
104.060998
104.060998
104.060998
104.060998
104.060998
104.060998
104.060998
104.060998
104.060998
104.061063
104.061397
104.061412
104.061412
104.061412
104.061412
104.061412
104.061412
104.061412
104.061513
104.061515
104.061522
104.061522
104.061522
104.061522
104.061522
104.061522
104.061522
104.061522
104.061522
104.061563
104.061563
104.061567
104.061572
104.061572
104.06157
104.061572
104.06157
104.061562
104.061495
104.061465
104.061458
104.061458
104.061452
104.061452
104.061458
104.06146
104.061468
104.061485
104.06146
104.06145
104.061385
104.061337
104.06133
104.06131
104.061313
104.061313
104.061317
104.06133
104.061327
104.061343
104.061345
104.061353
104.061357
104.061378
104.061378
104.061378
104.061332
104.061327
104.061318
104.061308
104.0613
104.06129
104.061292
104.061277
104.061277
104.061273
104.061267
104.061258
104.06128
104.061283
104.061272
104.061275
104.06127
104.061278
104.061288
104.061285
104.061253
104.061255
104.061257
104.061202
104.061157
104.061157
104.061157
104.061157
104.061157
104.061212
104.061222
104.061232
104.061245
104.061268
104.061273
104.061283
104.061285
104.061287
104.06129
104.061372
104.061365
104.06137
104.06137
104.06137
104.06137
104.06137
104.06137
104.06137
104.06137
104.06137
104.06137
104.06137
104.06137
104.06137
104.06137
104.06137
104.06137
104.06137
104.06137
104.061433
104.06145
104.061482
104.061497
104.061497
104.061497
104.061497
104.061497
104.061497
104.061497
104.061497
104.061497
104.061497
104.061497
104.061557
104.061558
104.061465
104.061453
104.061453
104.061492
104.061485
104.06146
104.061457
104.061438
104.061388
104.061377
104.061358
104.061352
104.061332
104.061307
104.0613
104.061297
104.061307
104.0613
104.061307
104.061295
104.061278
104.061255
104.061248
104.061242
104.061218
104.06121
104.061193
104.061138
104.061132
104.061092
104.061073
104.061057
104.06101
104.061
104.060992
104.060977
104.060965
104.060965
104.060967
104.060953
104.060945
104.060892
104.060882
104.060872
104.060835
104.060817
104.060802
104.060797
104.060785
104.060773
104.060752
104.060727
104.060703
104.060688
104.060675
104.060595
104.06058
104.060567
104.060547
104.06051
104.060497
104.060485
104.060462
104.060432
104.060415
104.060397
104.06038
104.060363
104.06035
104.060325
104.060303
104.060283
104.060267
104.060243
104.060225
104.060212
104.0602
104.060183
104.060172
104.060155
104.060137
104.060122
104.060103
104.060092
104.060073
104.06005
104.060032
104.059918
104.059893
104.059882
104.059857
104.059852
104.059833
104.059815
104.059752
104.059727
104.05972
104.059715
104.059707
104.059712
104.059733
104.059757
104.059783
104.059803
104.0598
104.059778
104.059775
104.059773
104.059763
104.05974
104.059728
104.059712
104.059673
104.059672
104.05964
104.059627
104.059615
104.059588
104.059548
104.059533
104.059512
104.059488
104.059445
104.059425
104.059407
104.05939
104.059345
104.05932
104.059285
104.05927
104.059243
104.059233
104.059223
104.059193
104.059172
104.059168
104.05917
104.059177
104.05918
104.05921
104.059217
104.059198
104.05918
104.059183
104.059178
104.059175
104.059168
104.059168
104.059173
104.059175
104.059187
104.05919
104.05924
104.05925
104.059257
104.059267
104.059263
104.05926
104.059268
104.05928
104.059278
104.059273
104.059273
104.059278
104.059282
104.059282
104.059282
104.059282
104.059282
104.059282
104.059282
104.059282
104.059282
104.059282
104.059282
104.059282
104.059282
104.059282
104.059282
104.059282
104.059282
104.059282
104.059282
104.059282
104.059282
104.059282
104.059282
104.059282
104.059282
104.059282
104.059282
104.059282
104.059282
104.059282
104.059282
104.059282
104.059282
104.059282
104.059282
104.059282
104.059282
104.059282
104.059282
104.059282
104.059282
104.059282
104.059282
104.059282
104.059282
104.059282
104.059282
104.059282
104.059282
104.059282
104.059282
104.059282
104.059282
104.059282
104.059353
104.059355
104.059352
104.059377
104.059393
104.059405
104.059427
104.059453
104.059483
104.059498
104.059537
104.059542
104.05955
104.059553
104.059555
104.059563
104.059568
104.059578
104.059583
104.059598
104.059605
104.059612
104.059632
104.059632
104.059635
104.059637
104.059643
104.059648
104.059645
104.059643
104.059632
104.059625
104.059623
104.059617
104.059622
104.059627
104.059632
104.059628
104.059617
104.05962
104.059618
104.05962
104.059625
104.059638
104.059637
104.059638
104.059642
104.059638
104.059575
104.059568
104.059572
104.059582
104.05958
104.059582
104.05959
104.0596
104.059605
104.059612
104.059627
104.059628
104.05955
104.059527
104.059502
104.059493
104.059473
104.059375
104.059385
104.05938
104.05932
104.059297
104.059273
104.059257
104.059225
104.059218
104.059212
104.059198
104.059185
104.059168
104.059155
104.059143
104.05911
104.059097
104.059083
104.059073
104.059053
104.059037
104.058998
104.058985
104.05897
104.058953
104.058922
104.058898
104.058888
104.058892
104.058918
104.058937
104.059042
104.059062
104.059077
104.059118
104.059135
104.059157
104.05917
104.059185
104.059248
104.059268
104.059277
104.059278
104.05928
104.059292
104.059292
104.059292
104.059292
104.059292
104.059292
104.059292
104.059292
104.059292
104.059292
104.059292
104.059292
104.059292
104.059292
104.059292
104.059292
104.059292
104.059292
104.059292
104.059292
104.059292
104.059292
104.059292
104.059292
104.059292
104.059292
104.059292
104.059292
104.059292
104.059292
104.059292
104.059292
104.059292
104.059292
104.05928
104.05928
104.059283
104.059305
104.059322
104.059333
104.059342
104.059363
104.059413
104.059482
104.059493
104.059502
104.059513
104.059538
104.059552
104.059565
104.059587
104.059608
104.05963
104.059642
104.059653
104.05967
104.059695
104.059703
104.05971
104.059722
104.059745
104.059758
104.059772
104.05978
104.059795
104.059803
104.059817
104.059827
104.059838
104.059847
104.059853
104.059862
104.059883
104.059893
104.059903
104.05991
104.059928
104.05993
104.059937
104.059947
104.059975
104.059987
104.059997
104.060043
104.060062
104.060072
104.060083
104.060107
104.06012
104.060132
104.060142
104.06016
104.060182
104.060198
104.060227
104.060252
104.060263
104.060273
104.060283
104.060305
104.060312
104.060327
104.060343
104.060355
104.060377
104.060392
104.060403