30.549308
30.551
30.550573
30.550365
30.550295
30.550038
30.54935
30.549342
30.549322
30.549283
30.549237
30.54922
30.549217
30.54922
30.549215
30.54921
30.549205
30.549198
30.549193
30.549188
30.549183
30.549175
30.549173
30.549168
30.54916
30.549158
30.549145
30.549135
30.549133
30.549133
30.54913
30.549123
30.549122
30.549118
30.549092
30.549063
30.54902
30.548968
30.548918
30.548865
30.548848
30.548827
30.548808
30.548758
30.54874
30.548727
30.5487
30.54867
30.54865
30.548633
30.54862
30.548618
30.548615
30.54861
30.54861
30.548615
30.548622
30.548617
30.548637
30.54863
30.548625
30.54862
30.548628
30.548625
30.548617
30.54863
30.548632
30.548633
30.548632
30.54863
30.548615
30.548633
30.548643
30.548657
30.548675
30.548685
30.548693
30.54873
30.54873
30.548737
30.54874
30.548738
30.548742
30.548742
30.548742
30.548742
30.548742
30.548745
30.548745
30.548745
30.548745
30.548745
30.548745
30.548745
30.548745
30.548745
30.548745
30.548837
30.548877
30.548882
30.548882
30.548882
30.548882
30.548882
30.548882
30.548882
30.548928
30.548927
30.548928
30.548928
30.548928
30.548928
30.548928
30.548928
30.548928
30.548928
30.548928
30.54893
30.548932
30.548923
30.548918
30.54892
30.548913
30.548915
30.548917
30.548912
30.548827
30.548812
30.548805
30.548762
30.548738
30.548723
30.548717
30.548705
30.548703
30.548643
30.548557
30.548538
30.54849
30.54842
30.548407
30.548362
30.548343
30.548333
30.548318
30.548287
30.548278
30.548288
30.548285
30.548263
30.548258
30.548248
30.54824
30.54823
30.548168
30.548158
30.548145
30.548137
30.548128
30.54812
30.548102
30.548017
30.548
30.547977
30.547963
30.547935
30.547872
30.547858
30.54782
30.547798
30.547772
30.547753
30.547742
30.547717
30.547632
30.547627
30.547627
30.547573
30.54754
30.54754
30.54754
30.54754
30.54754
30.54755
30.547555
30.547557
30.54756
30.547563
30.547567
30.547572
30.54757
30.547562
30.547557
30.547623
30.547618
30.547622
30.54762
30.54762
30.54762
30.54762
30.54762
30.54762
30.54762
30.54762
30.54762
30.54762
30.54762
30.54762
30.54762
30.54762
30.54762
30.54762
30.54762
30.547633
30.547645
30.547672
30.547682
30.547682
30.547682
30.547682
30.547682
30.547682
30.547682
30.547682
30.547682
30.547682
30.547682
30.547758
30.547717
30.547567
30.547548
30.547532
30.547535
30.547517
30.547427
30.547397
30.547398
30.547372
30.547377
30.547365
30.54737
30.547357
30.547315
30.547298
30.547253
30.547242
30.547228
30.547207
30.547202
30.547198
30.547185
30.547183
30.547177
30.54718
30.547187
30.547252
30.547278
30.547323
30.547385
30.547392
30.547398
30.547425
30.547427
30.547432
30.54744
30.547437
30.547412
30.547368
30.547368
30.547383
30.547412
30.547413
30.547413
30.54742
30.547415
30.547275
30.547265
30.547258
30.547255
30.547242
30.547222
30.547213
30.547207
30.54721
30.54719
30.547188
30.54719
30.547188
30.547195
30.547195
30.547198
30.547205
30.547258
30.547245
30.547247
30.547242
30.547295
30.547338
30.547338
30.547345
30.547343
30.547342
30.547348
30.547348
30.547355
30.547348
30.547357
30.547362
30.547357
30.547312
30.54728
30.547263
30.547243
30.547228
30.547222
30.5472
30.547145
30.547142
30.54713
30.547128
30.547127
30.547128
30.547128
30.547132
30.547147
30.547148
30.547145
30.547145
30.547148
30.54716
30.54717
30.547188
30.547228
30.547233
30.547267
30.547267
30.547275
30.547277
30.54728
30.547278
30.547278
30.547287
30.547292
30.547305
30.547305
30.547302
30.547282
30.54727
30.547267
30.547263
30.547262
30.547263
30.547265
30.547265
30.547262
30.547238
30.547223
30.547195
30.547182
30.547148
30.547135
30.54713
30.547145
30.547205
30.547222
30.54724
30.547267
30.547287
30.547347
30.547387
30.547447
30.547497
30.547518
30.547532
30.547573
30.547635
30.547647
30.547655
30.547663
30.547673
30.54768
30.547732
30.54775
30.547763
30.54778
30.547787
30.547797
30.547805
30.547808
30.547812
30.547818
30.547815
30.547813
30.547822
30.54783
30.54783
30.54783
30.54783
30.54783
30.54783
30.54783
30.54783
30.54783
30.54783
30.54783
30.54783
30.54783
30.54783
30.54783
30.54783
30.54783
30.54783
30.54783
30.54783
30.54783
30.54783
30.54783
30.54783
30.54783
30.54783
30.54783
30.54783
30.54783
30.54783
30.54783
30.54783
30.54783
30.54783
30.54783
30.54783
30.54783
30.54783
30.54783
30.54783
30.54783
30.54783
30.54783
30.54783
30.54783
30.54783
30.54783
30.54783
30.54783
30.54783
30.54783
30.54783
30.54783
30.547905
30.547913
30.547922
30.547947
30.54796
30.54797
30.547982
30.547987
30.547998
30.548015
30.548068
30.548083
30.548098
30.548113
30.548128
30.54814
30.54815
30.548167
30.548182
30.548212
30.548225
30.548242
30.54829
30.548303
30.548312
30.548318
30.548333
30.54839
30.548398
30.548428
30.54843
30.548438
30.548452
30.548458
30.548477
30.54849
30.548503
30.548505
30.548512
30.548525
30.548533
30.548545
30.548555
30.548597
30.548612
30.548627
30.548635
30.548637
30.548682
30.548705
30.548718
30.548778
30.548798
30.548815
30.54883
30.548857
30.548868
30.548885
30.54892
30.548945
30.549043
30.54907
30.549083
30.549092
30.549105
30.549155
30.54915
30.54915
30.549163
30.54917
30.54918
30.549188
30.5492
30.549207
30.549212
30.549218
30.549213
30.549215
30.549213
30.549215
30.549203
30.5492
30.549198
30.549198
30.549195
30.549193
30.549188
30.549192
30.549185
30.549175
30.549147
30.549123
30.549122
30.549117
30.549113
30.549125
30.549125
30.54913
30.549135
30.549152
30.549162
30.549168
30.549168
30.549167
30.54916
30.549168
30.549183
30.549187
30.549188
30.549185
30.549187
30.549187
30.549187
30.549187
30.549187
30.549187
30.549187
30.549187
30.549187
30.549187
30.549187
30.549187
30.549187
30.549187
30.549187
30.549187
30.549187
30.549187
30.549187
30.549187
30.549187
30.549187
30.549187
30.549187
30.549187
30.549187
30.549187
30.549187
30.549187
30.549187
30.549187
30.549187
30.549187
30.549225
30.54923
30.549232
30.549232
30.549237
30.549238
30.54924
30.549243
30.54925
30.54927
30.549268
30.549268
30.549272
30.549275
30.549278
30.549282
30.549267
30.549203
30.549128
30.549118
30.549098
30.549102
30.549108
30.549112
30.549098
30.549088
30.54909
30.549093
30.549095
30.549093
30.549093
30.549093
30.549092
30.549092
30.549083
30.549083
30.549075
30.549072
30.549068
30.549067
30.549065
30.549057
30.549037
30.549035
30.549043
30.549047
30.549038
30.549032
30.549028
30.54901
30.549013
30.54901
30.549003
30.548995
30.548998
30.548998
30.548997
30.548988
30.548983
30.548983
30.54898
30.548962
30.548958
30.54895
30.548952
30.548957
30.548958
30.548968
30.54897
30.54897
30.548973
30.54897
30.548968