104.061597
104.059252
104.059095
104.059170
104.059208
104.060202
104.060097
104.060860
104.060793
104.060740
104.060668
104.059420
104.059355
104.059545
104.059417
104.061728
104.061643
104.060702
104.060760
104.062118
104.062052
104.062255
104.062147
104.062438
104.062410
104.061322
104.061293
104.061513
104.061542
104.062342
104.062285
104.060835
104.060820
104.061975
104.061915
104.061155
104.061183
104.062133
104.062013
104.062193
104.062267
104.062285
104.061412
104.060610
104.060730
104.060097
104.060217
104.060517
104.060558
104.060132
104.060120
104.059288
104.059308
104.059352
104.059362
104.059368
104.059265
104.060213
104.060028
104.058707
104.058705
104.059383
104.059273
104.058470
104.058355
104.060143
104.060167
104.059343
104.059410
104.059878
104.059778
104.062252
104.062068
104.059178
104.059972
104.060855
104.060958
104.063450
104.063398
104.058720
104.058720
104.061963
104.061927
104.062948
104.062883
104.059910
104.059805
104.058718
104.058663
104.058443
104.058447
104.058557
104.058592
104.058143
104.058112
104.058928
104.059133
104.060238
104.060132
104.059385
104.059320
104.059072
104.059050
104.058790
104.058782
104.060315
104.060200
104.060315
104.060360
104.060362
104.060343
104.060268
104.060272
104.060357
104.060390
104.061957
104.061888
104.061953
104.060943
104.059860
104.061340