30.549208
30.550913
30.551108
30.549355
30.549990
30.549895
30.549797
30.549840
30.549868
30.550688
30.550470
30.549418
30.549217
30.548263
30.548227
30.548713
30.548697
30.548777
30.548778
30.547508
30.547527
30.547148
30.547215
30.547077
30.547057
30.547620
30.547660
30.547470
30.547450
30.546353
30.546372
30.547717
30.547755
30.546882
30.546920
30.547330
30.547325
30.546543
30.546667
30.546855
30.546817
30.546337
30.547027
30.547870
30.547783
30.548665
30.548575
30.548407
30.548338
30.547935
30.547952
30.548512
30.548527
30.548478
30.548455
30.548018
30.547890
30.547905
30.547833
30.546317
30.546323
30.548285
30.548438
30.548578
30.548512
30.547227
30.547207
30.548668
30.548665
30.548782
30.548682
30.544865
30.544955
30.547740
30.547757
30.547498
30.547515
30.550410
30.550332
30.547078
30.547075
30.546558
30.546502
30.550317
30.550208
30.549037
30.549022
30.549253
30.549257
30.548743
30.548772
30.550040
30.550035
30.550205
30.550132
30.549782
30.549640
30.549060
30.549090
30.548910
30.548912
30.549432
30.549442
30.549487
30.549480
30.549400
30.549530
30.548597
30.548615
30.548823
30.548833
30.548653
30.548663
30.549020
30.549025
30.548428
30.548452
30.548388
30.549525
30.549780
30.548703