104.05856
104.058755
104.058855
104.060367
104.06042
104.060448
104.060503
104.060545
104.06053
104.060573
104.060615
104.060637
104.060655
104.06067
104.060692
104.060725
104.060733
104.060762
104.060785
104.060807
104.060828
104.060853
104.060862
104.060842
104.060858
104.060915
104.060917
104.060917
104.060917
104.060917
104.060917
104.060917
104.060917
104.060962
104.060965
104.060965
104.060977
104.060972
104.060963
104.060915
104.06089
104.06091
104.06091
104.06091
104.06091
104.06084
104.060832
104.060825
104.060818
104.06082
104.060782
104.06077
104.060767
104.060772
104.060777
104.060793
104.060813
104.060842
104.060842
104.060842
104.060842
104.060842
104.060842
104.060842
104.060842
104.060842
104.060823
104.060823
104.060823
104.060823
104.060823
104.060822
104.060822
104.06081
104.060805
104.060823
104.060825
104.060825
104.060825
104.060825
104.060825
104.060825
104.060825
104.060825
104.060825
104.060825
104.060825
104.060825
104.060825
104.060825
104.060825
104.060813
104.060813
104.0608
104.060805
104.060805
104.060797
104.060793
104.060788
104.060782
104.060788
104.060797
104.060805
104.06081
104.060838
104.060838
104.060838
104.060838
104.060838
104.060838
104.060838
104.060838
104.060853
104.060843
104.060827
104.060822
104.060823
104.060818
104.060817
104.06081
104.060792
104.06073
104.060678
104.060672
104.06066
104.060638
104.060623
104.06061
104.06059
104.060578
104.060675
104.060672
104.060677
104.060685
104.060708
104.060712
104.060743
104.060713
104.060703
104.060703
104.060707
104.060705
104.060738
104.060745
104.060743
104.060745
104.060755
104.060837
104.060847
104.060852
104.060943
104.061022
104.061042
104.061065
104.061075
104.061075
104.061077
104.061077
104.061115
104.061117
104.061117
104.061125
104.06112
104.061122
104.061122
104.061123
104.061123
104.061122
104.061122
104.061122
104.061122
104.061122
104.061122
104.061122
104.061122
104.061122
104.061122
104.061122
104.061122
104.061122
104.061122
104.061122
104.061122
104.061122
104.061122
104.061122
104.061122
104.061122
104.061122
104.061122
104.061122
104.061122
104.061122
104.061122
104.061122
104.061122
104.061122
104.061122
104.061122
104.061122
104.061122
104.061122
104.061122
104.061122
104.061122
104.061122
104.061122
104.061122
104.061122
104.061122
104.061122
104.061143
104.061145
104.061152
104.061152
104.061152
104.061152
104.061152
104.061183
104.061195
104.061202
104.061203
104.0612
104.061198
104.061185
104.061175
104.061162
104.061147
104.061135
104.061123
104.061157
104.061193
104.061273
104.061288
104.061322
104.061325
104.061353
104.061358
104.061367
104.061385
104.061387
104.061388
104.061387
104.061387
104.061378
104.061372
104.061363
104.061342
104.061257
104.061212
104.061178
104.06114
104.061132
104.061122
104.061083
104.06106
104.06105
104.060998
104.060985
104.060935
104.06092
104.060887
104.060878
104.060875
104.06083
104.060817
104.060793
104.060777
104.060762
104.060737
104.060707
104.060658
104.060643
104.060622
104.06061
104.060598
104.06059
104.060568
104.060565
104.060545
104.060542
104.060515
104.060512
104.060498
104.060497
104.060487
104.060427
104.060383
104.060377
104.060367
104.060353
104.060342
104.060327
104.060317
104.06028
104.060197
104.06016
104.06003
104.059987
104.05987
104.05985
104.059768
104.059713
104.059705
104.059643
104.059633
104.059565
104.059553
104.059493
104.05947
104.05948
104.05949
104.059493
104.059502
104.059508
104.059562
104.059567
104.059602
104.059583
104.05961
104.059627
104.05964
104.059653
104.059665
104.059677
104.059688
104.059722
104.059707
104.059678
104.059658
104.05961
104.059577
104.059578
104.059578
104.05956
104.059528
104.059522
104.059515
104.059558
104.059578
104.059583
104.059588
104.059588
104.059587
104.059583
104.059583
104.059583
104.059583
104.059583
104.059583
104.059583
104.059583
104.059583
104.059583
104.059583
104.059583
104.059583
104.059583
104.059583
104.059583
104.059583
104.059583
104.059583
104.059583
104.059583
104.059583
104.059583
104.059583
104.059583
104.059583
104.059478
104.059475
104.059475
104.059475
104.059475
104.059475
104.059475
104.059517
104.059517
104.059513
104.059515
104.05952
104.059505
104.059498
104.059502
104.059502
104.0595
104.05949
104.059485
104.059462
104.05946
104.059462
104.059462
104.059458
104.059462
104.059458
104.059462
104.059463
104.059465
104.059463
104.059472
104.05948
104.05948
104.05948
104.059472
104.05947
104.059465
104.059463
104.059452
104.059448
104.059415
104.059407
104.059395
104.059402
104.059408
104.059462
104.059493
104.05953
104.059592
104.059598
104.05961
104.059622
104.05964
104.05965
104.059648
104.059655
104.059663
104.059668
104.059667
104.059662
104.05966
104.059663
104.059662
104.059668
104.059672
104.05966
104.059637
104.059593
104.059387
104.059365
104.059347
104.0593
104.059297
104.059287
104.059273
104.059258
104.059128
104.0591
104.059062
104.059043
104.059
104.058982
104.05896
104.058953
104.058955
104.059007
104.059022
104.059038
104.05905
104.05906
104.059148
104.059187
104.05919
104.059195
104.059197
104.059203
104.059222
104.059235
104.059248
104.05926
104.059277
104.059287
104.059325
104.05934
104.059348
104.059348
104.059372
104.059377
104.059378
104.05939
104.059408
104.059407
104.059407
104.059407
104.059407
104.059407
104.059407
104.059407
104.059407
104.059407
104.059407
104.059407
104.059407
104.059407
104.059407
104.059407
104.059407
104.059407
104.059407
104.059407
104.059407
104.059407
104.059407
104.059407
104.059407
104.059407
104.059407
104.059407
104.059407
104.059407
104.059407
104.059407
104.059407
104.059407
104.059407
104.059407
104.059407
104.059407
104.059407
104.059407
104.059407
104.059407
104.059407
104.059407
104.059407
104.059407
104.059407
104.059407
104.059407
104.059407
104.059407
104.059407
104.059407
104.059407
104.059407
104.059445
104.05945
104.059453
104.059463
104.059475
104.0595
104.059508
104.059512
104.059517
104.059525
104.059532
104.059555
104.059558
104.059557
104.059563
104.05957
104.059573
104.059567
104.059563
104.059563
104.05954
104.05951
104.059472
104.05948
104.059485
104.05949
104.059492
104.059502
104.059517
104.059532
104.059552
104.059577
104.059593
104.059612
104.059623
104.059637
104.059655
104.05967
104.059678
104.059693
104.059703
104.059722
104.059735
104.059867
104.059893
104.059927
104.05995
104.059973
104.05999
104.060005
104.06001
104.060023
104.060043
104.060058
104.060068
104.060088
104.060103
104.060123
104.060142
104.060162
104.060177
104.06019
104.0602
104.060215
104.060232
104.060248
104.060265
104.060292
104.060308
104.06032
104.060337
104.06035
104.060363
104.060368
104.06037
104.060368
104.060377
104.060385
104.06039
104.060382
104.060372
104.06037
104.060353
104.060347
104.06033
104.060308