30.549462
30.549633
30.549695
30.549785
30.549717
30.549675
30.549658
30.549657
30.549722
30.549742
30.549765
30.549773
30.549778
30.549788
30.549792
30.549762
30.549757
30.549733
30.549715
30.549702
30.549685
30.549673
30.549682
30.549692
30.549668
30.54958
30.549562
30.549562
30.549562
30.549562
30.549562
30.549562
30.549562
30.549478
30.549468
30.549468
30.549448
30.549452
30.549458
30.549427
30.549372
30.549337
30.549337
30.549337
30.549337
30.549265
30.549253
30.549243
30.549238
30.549235
30.549247
30.549262
30.549267
30.549247
30.549245
30.549233
30.549195
30.549137
30.549137
30.549137
30.549137
30.549137
30.549137
30.549137
30.549137
30.549137
30.549255
30.549258
30.549258
30.549258
30.549213
30.549213
30.549218
30.549227
30.549233
30.549255
30.549257
30.549257
30.549257
30.549257
30.549257
30.549257
30.549257
30.549257
30.549257
30.549257
30.549257
30.549257
30.549257
30.549257
30.549257
30.54923
30.54923
30.549238
30.549233
30.549222
30.549237
30.54925
30.549273
30.549272
30.549272
30.549267
30.549262
30.549257
30.549257
30.549257
30.549257
30.549257
30.549257
30.549257
30.549257
30.549257
30.54923
30.549217
30.54915
30.549132
30.549113
30.549095
30.549082
30.549063
30.548972
30.548885
30.548785
30.548775
30.548752
30.548713
30.548697
30.548677
30.548675
30.548677
30.548663
30.548595
30.548578
30.548555
30.548505
30.548438
30.548362
30.548315
30.548297
30.548285
30.548277
30.548267
30.5482
30.548193
30.548187
30.54818
30.548172
30.548142
30.548143
30.548148
30.548037
30.547932
30.547912
30.547888
30.547907
30.547915
30.547917
30.547922
30.547873
30.547877
30.547882
30.547897
30.547903
30.547915
30.547922
30.54793
30.547932
30.547933
30.547935
30.547935
30.547935
30.547935
30.547935
30.547935
30.547935
30.547935
30.547935
30.547935
30.547935
30.547935
30.547935
30.547935
30.547935
30.547935
30.547935
30.547935
30.547935
30.547935
30.547935
30.547935
30.547935
30.547935
30.547935
30.547935
30.547935
30.547935
30.547935
30.547935
30.547935
30.547935
30.547935
30.547935
30.547935
30.547935
30.547935
30.547935
30.547935
30.547935
30.547935
30.547935
30.547935
30.547928
30.547927
30.547927
30.547927
30.547927
30.547927
30.547927
30.547918
30.547908
30.547902
30.547903
30.547905
30.547912
30.547903
30.547897
30.547898
30.547897
30.547898
30.54787
30.547818
30.54776
30.547635
30.547612
30.547535
30.547525
30.54747
30.547452
30.547437
30.54739
30.547375
30.547327
30.547317
30.547305
30.547282
30.547273
30.547267
30.547253
30.547267
30.54726
30.547242
30.547208
30.547207
30.547208
30.547205
30.5472
30.547205
30.547217
30.547218
30.547225
30.547228
30.54722
30.547218
30.547212
30.547227
30.547225
30.547187
30.547173
30.547162
30.547152
30.547132
30.547097
30.547093
30.547062
30.54705
30.547003
30.546992
30.546948
30.546938
30.546912
30.546905
30.546883
30.546885
30.546872
30.54687
30.546882
30.546862
30.54682
30.546815
30.54681
30.546798
30.546788
30.546777
30.546767
30.546748
30.546743
30.54676
30.546815
30.546845
30.546918
30.546927
30.547
30.547015
30.547012
30.547052
30.547055
30.54706
30.547063
30.547073
30.547098
30.547105
30.547108
30.547115
30.54712
30.54712
30.547148
30.547155
30.547185
30.547075
30.547063
30.547058
30.547063
30.54706
30.547058
30.547057
30.547058
30.547065
30.547153
30.547253
30.547378
30.54746
30.547503
30.547498
30.547502
30.547517
30.547563
30.547573
30.547578
30.54756
30.547562
30.547568
30.547577
30.547575
30.547577
30.547578
30.547578
30.547578
30.547578
30.547578
30.547578
30.547578
30.547578
30.547578
30.547578
30.547578
30.547578
30.547578
30.547578
30.547578
30.547578
30.547578
30.547578
30.547578
30.547578
30.547578
30.547578
30.547578
30.547578
30.547578
30.547578
30.547593
30.547588
30.547588
30.547588
30.547588
30.547588
30.547588
30.547617
30.547628
30.547637
30.547645
30.547657
30.547772
30.547847
30.547857
30.547865
30.547872
30.547877
30.54788
30.547893
30.547895
30.5479
30.547905
30.547922
30.547935
30.547943
30.547962
30.54797
30.54798
30.547992
30.548017
30.548027
30.548033
30.548042
30.548063
30.54807
30.548093
30.548108
30.548133
30.548147
30.54822
30.548247
30.548275
30.54834
30.548365
30.548447
30.54847
30.548495
30.548552
30.548557
30.548578
30.548595
30.548618
30.54867
30.548678
30.548687
30.548697
30.548707
30.548778
30.548787
30.548797
30.548812
30.548822
30.5489
30.548903
30.548907
30.54892
30.548953
30.549152
30.549165
30.549188
30.549208
30.549218
30.549217
30.549212
30.549217
30.549238
30.549245
30.549265
30.549285
30.549302
30.549315
30.549328
30.549333
30.549342
30.549352
30.549347
30.549342
30.549342
30.549338
30.549328
30.549322
30.549317
30.549315
30.549308
30.549302
30.549285
30.549275
30.54927
30.549265
30.549257
30.549253
30.549235
30.549215
30.54921
30.549208
30.5492
30.549203
30.549207
30.549203
30.549183
30.549168
30.549168
30.549168
30.549168
30.549168
30.549168
30.549168
30.549168
30.549168
30.549168
30.549168
30.549168
30.549168
30.549168
30.549168
30.549168
30.549168
30.549168
30.549168
30.549168
30.549168
30.549168
30.549168
30.549168
30.549168
30.549168
30.549168
30.549168
30.549168
30.549168
30.549168
30.549168
30.549168
30.549168
30.549168
30.549168
30.549168
30.549168
30.549168
30.549168
30.549168
30.549168
30.549168
30.549168
30.549168
30.549168
30.549168
30.549168
30.549168
30.549168
30.549168
30.549168
30.549168
30.549168
30.549148
30.549152
30.549153
30.54916
30.54916
30.549198
30.549202
30.549205
30.549212
30.549217
30.549215
30.549232
30.549237
30.549247
30.549245
30.549235
30.549228
30.54924
30.549243
30.549245
30.549293
30.549333
30.549402
30.54941
30.549415
30.549417
30.549417
30.549418
30.549418
30.549415
30.549413
30.549398
30.549385
30.549372
30.549365
30.549362
30.54936
30.54936
30.549353
30.54935
30.549348
30.549348
30.549348
30.549388
30.549398
30.549413
30.549427
30.549437
30.549452
30.549467
30.549497
30.54952
30.54954
30.549545
30.549558
30.549562
30.549563
30.549562
30.549567
30.54957
30.549565
30.549563
30.549558
30.549552
30.549545
30.549538
30.549533
30.549518
30.54951
30.549493
30.549475
30.54946
30.549445
30.549437
30.549423
30.54941
30.549382
30.549375
30.549373
30.549397
30.54943
30.549447
30.549463
30.549483
30.549507
30.549525