104.060485
104.060505
104.060598
104.060525
104.060472
104.060388
104.061192
104.0612
104.061493
104.061483
104.06088
104.060997
104.060818
104.06084
104.063482
104.063275
104.06141
104.061368
104.061685
104.061463
104.061697
104.061708
104.061222
104.06122
104.061263
104.06117
104.061698
104.061625
104.061285
104.061338
104.061248
104.061287
104.061392
104.061392
104.06116
104.061177
104.061202
104.061205
104.060525
104.060517
104.061027
104.061063
104.061175
104.061182
104.060512
104.060528
104.060545
104.060522
104.059997
104.059663
104.060993
104.061075
104.060933
104.060932
104.061093
104.061102
104.060593
104.060617
104.060373
104.060377
104.059713
104.059703
104.059745
104.059762
104.058882
104.058878
104.059088
104.059065
104.059327
104.05932
104.05891
104.058778
104.059975
104.060033
104.059937
104.059943
104.059907
104.059895
104.05976
104.059793
104.059798
104.0598
104.060098
104.060053
104.059742
104.059735
104.060442
104.06025
104.059668
104.059687
104.05968
104.059702
104.059605
104.059635
104.05941
104.0594
104.05901
104.058953
104.059107
104.059192
104.05932
104.059297
104.058907
104.05894
104.059037
104.059048
104.058847
104.058878
104.059122
104.059117
104.05912
104.05925
104.059248
104.058803
104.058823
104.059838
104.059825
104.059695
104.0597
104.060103
104.06005
104.060173
104.060812