30.549402
30.549433
30.549573
30.54954
30.549428
30.54947
30.549835
30.549893
30.549738
30.549723
30.549327
30.549325
30.548365
30.548405
30.548267
30.54827
30.549533
30.549573
30.548928
30.548935
30.548973
30.54898
30.548957
30.548937
30.548347
30.548363
30.54712
30.547017
30.548195
30.548142
30.547882
30.547863
30.547752
30.547743
30.547583
30.547583
30.547568
30.547565
30.546508
30.546525
30.547162
30.54717
30.547158
30.547145
30.546647
30.546693
30.546607
30.546613
30.545237
30.545287
30.54727
30.547273
30.547108
30.547088
30.547948
30.547845
30.54739
30.547375
30.547547
30.547525
30.547158
30.547173
30.547317
30.547333
30.547262
30.547233
30.547222
30.547195
30.54749
30.547533
30.548388
30.548343
30.548615
30.548553
30.54818
30.54818
30.548063
30.548047
30.548147
30.548168
30.547995
30.548012
30.548253
30.548235
30.548082
30.548107
30.548178
30.548177
30.548213
30.548287
30.54853
30.548567
30.548967
30.548992
30.549098
30.549118
30.549633
30.549642
30.549092
30.549148
30.549983
30.550023
30.54914
30.549175
30.549525
30.549493
30.549292
30.549302
30.549257
30.549273
30.5493
30.549837
30.54983
30.549275
30.549278
30.549252
30.549248
30.547722
30.547742
30.548717
30.548662
30.548537
30.549078