104.058772
104.056887
104.058775
104.058817
104.059465
104.059707
104.059897
104.059862
104.059807
104.059833
104.059437
104.059380
104.059715
104.059792
104.059892
104.059888
104.060372
104.060320
104.063413
104.063493
104.058920
104.058885
104.058843
104.058923
104.060093
104.060137
104.059608
104.059560
104.059367
104.059323
104.059015
104.058958
104.059097
104.059203
104.059155
104.059162
104.059088
104.058720
104.058852
104.058833
104.059320
104.059318
104.059345
104.059317
104.059277
104.059227
104.059223
104.059295
104.060692
104.060618
104.060893
104.060812
104.060352
104.060350