30.549777
30.551868
30.550272
30.550248
30.549570
30.550038
30.548090
30.548110
30.547903
30.547930
30.548157
30.548067
30.547000
30.547003
30.548005
30.547968
30.547955
30.547973
30.545187
30.545140
30.547778
30.547808
30.547562
30.547623
30.549173
30.549215
30.549440
30.549503
30.549407
30.549442
30.549448
30.549428
30.549363
30.549367
30.549298
30.549307
30.547303
30.548930
30.549175
30.549138
30.549263
30.549278
30.549617
30.549675
30.549433
30.549442
30.549228
30.549223
30.548692
30.548783
30.549278
30.549250
30.548317
30.548323