2.528000
4.367000
2.988000
-4.980000
-4.903000
-4.903000
-4.826000
-4.826000
-4.903000
-4.903000
-4.826000
-4.980000
-4.903000
-4.980000
-4.903000
-4.826000
-5.056000
-4.826000
-4.980000
-4.980000
-4.980000
-4.903000
-4.903000
-4.980000
-4.903000
-4.903000
-4.980000
-4.826000
-4.826000
-5.056000
-4.750000
-4.903000
-4.826000
-4.826000
-4.903000
-4.903000
-4.826000
-4.980000
-4.903000
-4.750000
-4.826000
-4.980000
-4.903000
-4.750000
-4.903000
-4.826000
-4.826000
-4.903000
-4.903000
-4.826000
-4.826000
-4.750000
-4.903000
-4.980000
-4.903000
-4.903000
-4.903000
-4.903000
-4.903000
-4.903000
-4.826000
-4.826000
-4.826000
-4.903000
-4.903000
-4.980000
-4.980000
-4.826000
-4.903000
-4.903000
-4.826000
-4.980000
-4.903000
-4.903000
-4.903000
-4.980000
-4.750000
-4.980000
-4.980000
-4.826000
-4.903000
-4.826000
-4.826000
-4.826000
-4.750000
-4.903000
-4.750000
-4.903000
-5.056000
-5.056000
-4.903000
-4.903000
-4.826000
-4.826000
-4.980000
-4.903000
-4.980000
-4.903000
-4.980000
-4.980000
-4.903000
-4.980000
-4.903000
-4.980000
-4.980000
-4.826000
-4.980000
-4.826000
-4.903000
-4.980000
-4.903000
-5.056000
-4.903000
-4.980000
-4.903000
-4.980000
-4.903000
-4.826000
-4.903000
-4.980000
-4.903000
-4.980000
-4.750000
-4.826000
-4.826000
-4.826000
-4.980000
-4.980000
-4.980000
-4.903000
-4.903000
-4.980000
-4.980000
-4.980000
-4.903000
-4.826000
-4.903000
-5.056000
-4.826000
-4.980000
-4.903000
-4.826000
-4.826000
-4.826000
-4.980000
-4.826000
-4.826000
-4.826000
-4.903000
-4.826000
-4.980000
-4.903000
-4.826000
-4.750000
-4.903000
-4.980000
-4.980000
-4.750000
-4.826000
-4.980000
-4.750000
-4.980000
-4.826000
-4.750000
-4.750000
-4.903000
-4.826000
-4.903000
-4.750000
-4.903000
-4.903000
-4.903000
-4.826000
-4.826000
-4.826000
-4.750000
-4.980000
-4.826000
-4.826000
-4.903000
-4.826000
-4.903000
-4.903000
-4.903000
-4.826000
-4.826000
-4.903000
-4.750000
-4.980000
-4.826000
-4.980000
1.302000
0.689000
-3.907000
-4.980000
-2.911000
-3.447000
-3.217000
-3.830000
-3.984000
-0.383000
-1.225000
-0.459000
-1.608000
1.149000
0.612000
-4.980000
-4.980000
-4.980000
-5.056000
-4.980000
-4.903000
-4.980000
-4.826000
-4.903000
-5.133000
-4.980000
-4.903000
-4.903000
-5.056000
-4.903000
-5.056000
-4.903000
-4.980000
-5.056000
-4.980000
-4.980000
-5.056000
-4.903000
-4.826000
-5.056000
-4.980000
-4.903000
-4.980000
-4.826000
-4.903000
-4.903000
-4.826000
-4.903000
-4.903000
-4.903000
-5.056000
-5.056000
-4.980000
-4.980000
-4.980000
-4.826000
-4.903000
-4.903000
-4.980000
-4.980000
-4.903000
-4.980000
-4.903000
-4.826000
-4.903000
-4.980000
-4.980000
-5.056000
-4.826000
-4.903000
-4.980000
-4.980000
-4.903000
-5.056000
-5.056000
-4.903000
-4.903000
-4.980000
-4.980000
-4.903000
-4.980000
-4.903000
-4.980000
-4.826000
-5.056000
-4.826000
-4.980000
-5.056000
-4.980000
-4.980000
-4.903000
-4.980000
-4.826000
-4.903000
-4.980000
-4.980000
-5.056000
-4.903000
-4.980000
-5.133000
-4.903000
-4.980000
-5.056000
0.383000
-4.060000
-1.685000
-2.068000
-2.681000
-0.153000
0.229000
-0.536000
0.536000
-0.459000
-2.451000
-3.217000
1.225000
8.887000
-5.209000
6.282000
5.286000
-1.072000
3.064000
1.379000
1.532000
-0.383000
3.447000
2.758000
0.459000
-1.072000
0.766000
-3.371000
1.149000
1.379000
-6.435000