1.532000
1.532000
-2.681000
-0.076000
-0.153000
-0.153000
-0.076000
-0.229000
-0.076000
0.000000
-0.153000
0.000000
-0.229000
-0.076000
-0.153000
-0.076000
-0.153000
-0.229000
-0.153000
0.000000
-0.076000
-0.153000
-0.153000
-0.076000
-0.076000
-0.076000
-0.306000
-0.076000
-0.229000
-0.076000
-0.076000
-0.153000
-0.076000
-0.306000
-0.153000
-0.076000
-0.229000
-0.229000
0.000000
-0.229000
-0.153000
-0.229000
-0.229000
-0.076000
-0.229000
-0.076000
-0.153000
-0.153000
-0.229000
-0.229000
-0.076000
-0.153000
-0.153000
-0.153000
-0.076000
-0.076000
-0.153000
-0.229000
-0.229000
-0.153000
-0.076000
-0.153000
-0.153000
-0.153000
-0.536000
-0.229000
-0.153000
-0.229000
-0.076000
-0.229000
-0.153000
-0.076000
-0.229000
-0.153000
-0.153000
-0.153000
-0.076000
-0.229000
0.000000
-0.153000
-0.076000
-0.153000
-0.536000
0.000000
-0.153000
-0.076000
-0.229000
-0.076000
-0.076000
-0.153000
-0.076000
-0.076000
-0.076000
-0.153000
-0.076000
-0.153000
-0.153000
-0.076000
0.000000
-0.076000
-0.076000
-0.076000
-0.076000
-0.153000
0.000000
-0.076000
-0.076000
-0.153000
-0.229000
-0.076000
0.000000
-0.459000
-0.076000
0.000000
-0.076000
0.000000
0.000000
0.076000
0.000000
-0.076000
-0.076000
-0.076000
-0.076000
0.000000
-0.229000
-0.076000
-0.229000
-0.153000
-0.076000
-0.153000
-0.153000
-0.076000
-0.076000
-0.076000
-0.153000
-0.153000
-0.153000
0.000000
0.000000
-0.153000
-0.153000
-0.076000
0.000000
-0.153000
-0.153000
-0.076000
-0.076000
-0.153000
-0.153000
0.000000
-0.076000
-0.229000
-0.153000
-0.076000
-0.153000
-0.076000
-0.229000
0.000000
-0.153000
-0.153000
-0.076000
-0.153000
-0.076000
-0.229000
-0.076000
-0.153000
0.000000
-0.076000
0.000000
0.000000
-0.153000
-0.153000
-0.153000
-0.229000
-0.076000
-0.076000
0.000000
-0.076000
-0.076000
-0.076000
-0.076000
-0.076000
0.000000
0.000000
-0.153000
-0.076000
-0.229000
-0.076000
-0.076000
0.000000
0.000000
4.826000
2.604000
-6.589000
-9.194000
-3.601000
-8.198000
-6.972000
-7.585000
-3.141000
-5.439000
-5.363000
-4.520000
-5.822000
-5.439000
-8.657000
-0.076000
0.076000
0.000000
-0.153000
-0.153000
-0.229000
-0.076000
0.000000
-0.076000
-0.076000
-0.153000
0.000000
0.000000
-0.076000
0.000000
-0.076000
-0.153000
-0.153000
-0.076000
-0.076000
-0.076000
-0.076000
0.000000
-0.229000
-0.153000
-0.076000
0.000000
0.000000
0.000000
-0.076000
-0.153000
-0.153000
-0.153000
0.000000
-0.076000
-0.076000
-0.076000
-0.076000
0.000000
0.000000
-0.076000
-0.076000
0.000000
0.000000
-0.076000
-0.153000
-0.153000
0.000000
-0.153000
-0.153000
-0.153000
0.000000
-0.153000
-0.076000
0.000000
-0.229000
-0.076000
0.076000
-0.076000
-0.153000
-0.076000
-0.153000
-0.153000
0.000000
-0.076000
-0.153000
-0.076000
0.000000
-0.076000
-0.153000
0.000000
-0.153000
-0.076000
-0.153000
-0.076000
0.000000
-0.153000
-0.076000
-0.153000
-0.076000
-0.153000
-0.153000
-0.229000
-0.076000
0.000000
-0.153000
0.000000
-0.153000
7.738000
3.907000
4.060000
0.766000
0.000000
-1.915000
1.762000
0.689000
0.306000
1.608000
1.608000
1.762000
-0.383000
4.137000
0.689000
-0.076000
-0.229000
1.302000
-1.532000
2.758000
0.766000
3.601000
0.229000
3.601000
3.447000
1.149000
4.290000
6.665000
0.076000
6.818000
0.689000