-6.282000
-8.734000
-7.814000
-7.814000
-7.814000
-7.814000
-7.814000
-7.814000
-7.814000
-7.738000
-7.814000
-7.814000
-7.738000
-7.814000
-7.814000
-7.814000
-7.814000
-7.814000
-7.738000
-7.814000
-7.814000
-7.738000
-7.738000
-7.814000
-7.814000
-7.738000
-7.814000
-7.891000
-7.814000
-7.738000
-7.738000
-7.891000
-7.814000
-7.738000
-7.738000
-7.738000
-7.738000
-7.891000
-7.814000
-7.738000
-7.814000
-7.738000
-7.814000
-7.814000
-7.738000
-7.738000
-7.814000
-7.814000
-7.814000
-7.814000
-7.891000
-7.814000
-7.738000
-7.814000
-7.814000
-7.814000
-7.814000
-7.814000
-7.814000
-7.814000
-7.738000
-7.738000
-7.814000
-7.814000
-7.738000
-7.814000
-7.814000
-7.738000
-7.814000
-7.891000
-7.814000
-7.814000
-7.738000
-7.814000
-7.814000
-7.814000
-7.891000
-7.738000
-7.814000
-7.814000
-7.738000
-7.814000
-7.585000
-7.891000
-7.814000
-7.891000
-7.738000
-7.814000
-7.814000
-7.814000
-7.814000
-7.814000
-7.814000
-7.814000
-7.738000
-7.814000
-7.814000
-7.814000
-7.814000
-7.738000
-7.814000
-7.814000
-7.814000
-7.738000
-7.738000
-7.814000
-7.814000
-7.738000
-7.814000
-7.814000
-7.814000
-7.508000
-7.891000
-7.738000
-7.814000
-7.738000
-7.891000
-7.891000
-7.891000
-7.891000
-7.814000
-7.814000
-7.814000
-7.891000
-7.814000
-7.738000
-7.814000
-7.814000
-7.814000
-7.814000
-7.814000
-7.814000
-7.814000
-7.738000
-7.891000
-7.891000
-7.891000
-7.814000
-7.814000
-7.891000
-7.814000
-7.814000
-7.814000
-7.814000
-7.814000
-7.891000
-7.814000
-7.738000
-7.891000
-7.814000
-7.814000
-7.814000
-7.814000
-7.738000
-7.814000
-7.814000
-7.814000
-7.814000
-7.891000
-7.814000
-7.814000
-7.814000
-7.891000
-7.738000
-7.814000
-7.814000
-7.814000
-7.738000
-7.814000
-7.814000
-7.814000
-7.814000
-7.891000
-7.814000
-7.814000
-7.814000
-7.814000
-7.814000
-7.891000
-7.814000
-7.738000
-7.891000
-7.738000
-7.814000
-7.891000
-7.814000
-7.891000
-7.814000
-7.814000
-7.891000
-7.891000
-7.814000
-9.040000
-5.439000
-6.742000
-6.742000
-4.903000
-4.980000
-6.512000
-5.209000
-6.895000
-7.661000
-4.290000
-5.209000
-6.665000
-5.669000
-7.814000
-7.814000
-7.738000
-7.814000
-7.814000
-7.814000
-7.891000
-7.814000
-7.738000
-7.814000
-7.814000
-7.814000
-7.814000
-7.814000
-7.814000
-7.814000
-7.738000
-7.891000
-7.738000
-7.814000
-7.814000
-7.738000
-7.814000
-7.738000
-7.814000
-7.738000
-7.738000
-7.814000
-7.738000
-7.738000
-7.814000
-7.814000
-7.738000
-7.738000
-7.738000
-7.738000
-7.738000
-7.891000
-7.814000
-7.814000
-7.814000
-7.814000
-7.814000
-7.738000
-7.738000
-7.814000
-7.814000
-7.814000
-7.814000
-7.814000
-7.814000
-7.814000
-7.814000
-7.814000
-7.738000
-7.814000
-7.814000
-7.814000
-7.814000
-7.814000
-7.891000
-7.738000
-7.738000
-7.738000
-7.814000
-7.814000
-7.814000
-7.738000
-7.814000
-7.738000
-7.738000
-7.738000
-7.738000
-7.738000
-7.814000
-7.814000
-7.814000
-7.814000
-7.814000
-7.814000
-7.814000
-7.814000
-7.814000
-7.814000
-7.738000
-7.738000
-7.738000
-7.738000
-5.669000
-7.814000
-6.665000
-6.512000
-9.960000
-7.202000
-7.968000
-6.205000
-6.665000
-10.956000
-7.814000
-8.427000
-8.044000
-9.423000
-9.807000
-9.347000
-11.722000
-9.883000
-8.810000
-9.500000
-11.339000
-7.814000
-6.895000
-9.653000
-12.028000
-6.589000
-6.205000
-6.589000
-11.569000
-6.972000
-6.818000