104.116210
104.116180
104.116305
104.116285
104.116332
104.116373
104.116478
104.116468
104.116197
104.116222
104.116200
104.116207
104.116312
104.116312
104.116460
104.116418
104.116123
104.116178
104.116462
104.116418
104.116205
104.116225
104.116283
104.116270
104.116288
104.116240
104.116487
104.116443
104.116558
104.116528
104.116523
104.116507
104.116393
104.116395
104.116258
104.116262
104.116098
104.116197
104.116225
104.116255
104.116383
104.116383
104.116315
104.116333
104.116282
104.116237
104.116248
104.116277
104.116063
104.116102
104.116287
104.116290
104.116313
104.116330
104.116273
104.116280
104.116237
104.116240
104.116437
104.116420
104.116347
104.116345
104.116298
104.116298
104.116313
104.116312
104.116318
104.116313
104.116137
104.116212
104.116192
104.116195
104.116243
104.116335
104.116322
104.116363
104.116393
104.116397
104.116367
104.116373
104.116610
104.116585
104.116427
104.116430
104.116292
104.116320
104.116513
104.116508
104.116533
104.116367
104.116588
104.116563
104.116225
104.116328
104.116247
104.116223
104.116348
104.116383
104.116213
104.116300
104.116285
104.116307
104.116385
104.116373
104.116442
104.116440
104.116302
104.116307
104.116325
104.116315
104.116097
104.116412
104.116163
104.116300
104.116312
104.116292
104.116208
104.116210
104.116080
104.116085
104.116067
104.116088
104.116120
104.116142
104.116292
104.116275
104.116160
104.116178
104.116150
104.116178
104.116242
104.116247
104.116332
104.116325
104.116275
104.116277
104.116272
104.116273
104.116257
104.116247
104.116318
104.116312
104.116192
104.116202
104.116237
104.116250
104.116272
104.116285
104.116378
104.116338
104.116333
104.116303
104.116322
104.116317
104.116370
104.116355
104.116393
104.116395
104.116520
104.116488
104.116507
104.116522
104.116550
104.116435
104.116442
104.116453
104.116462
104.115758
104.115773
104.116167
104.116115
104.116062
104.116042
104.115982
104.115998
104.115977
104.116043
104.116132
104.116123
104.116083
104.115893
104.115928
104.116393
104.116342
104.116382
104.116378
104.116358
104.116317
104.116322
104.116348
104.116358
104.116243
104.116222
104.115193
104.115107
104.115133
104.115547
104.115535
104.115568
104.115605
104.115700
104.115763
104.115840
104.115860
104.115947
104.115980
104.115968
104.115965
104.115613
104.115675
104.115732
104.116222
104.115900
104.115945
104.116000
104.116030
104.115978
104.115992
104.115913
104.115895
104.115890
104.115923
104.115988
104.115967
104.115733
104.115748
104.116060
104.116067
104.116002
104.115880
104.115975
104.116142
104.115958
104.115967
104.116177
104.116170
104.116038
104.116027
104.115952
104.115933
104.115943
104.116233
104.116332
104.116312
104.116122
104.116060
104.115980
104.115955
104.116047
104.116032
104.116087
104.116093
104.116107
104.116170
104.116228
104.116350
104.116342
104.116303
104.116303
104.116238
104.116287
104.116243
104.116060
104.116068
104.116243
104.116163
104.116310
104.116295
104.116053
104.116067
104.116277
104.116210
104.116005
104.116028
104.116035
104.116138
104.116057
104.116065
104.116395
104.116377
104.116050
104.116080
104.115897
104.115893
104.115887
104.115898
104.115883
104.115888
104.115820
104.115827
104.116085
104.116065
104.115998
104.115993
104.115933
104.115937
104.116120
104.116182
104.116667
104.116672
104.117017
104.117033
104.117177
104.117195
104.117475
104.117490
104.117593
104.117602
104.117915
104.117938
104.117798
104.117788
104.117663
104.117648
104.117335
104.117322
104.117112
104.117105
104.116793
104.116770
104.116568
104.116552
104.116335
104.116310
104.116298