30.684197
30.684185
30.684677
30.684697
30.684922
30.684897
30.684762
30.684758
30.684455
30.684467
30.684497
30.684505
30.684628
30.684620
30.684755
30.684713
30.684368
30.684408
30.684618
30.684587
30.684542
30.684550
30.684582
30.684573
30.684578
30.684470
30.684828
30.684775
30.684913
30.684882
30.684863
30.684862
30.684523
30.684518
30.684502
30.684488
30.684402
30.684567
30.684602
30.684588
30.684637
30.684617
30.684607
30.684628
30.684568
30.684567
30.684553
30.684552
30.684448
30.684448
30.684822
30.684805
30.684575
30.684578
30.684445
30.684450
30.684458
30.684462
30.684887
30.684878
30.684825
30.684830
30.684792
30.684778
30.684762
30.684750
30.684757
30.684752
30.684435
30.684490
30.684493
30.684487
30.684580
30.684783
30.684745
30.684763
30.684777
30.684780
30.684850
30.684837
30.684927
30.684907
30.684855
30.684848
30.684615
30.684658
30.684833
30.684802
30.684760
30.684532
30.684862
30.684830
30.684670
30.684658
30.684693
30.684625
30.684647
30.684642
30.684497
30.684468
30.684648
30.684640
30.684493
30.684495
30.684753
30.684737
30.684728
30.684733
30.684723
30.684713
30.684513
30.684822
30.684535
30.684555
30.684743
30.684748
30.684577
30.684567
30.684452
30.684455
30.684382
30.684425
30.684460
30.684503
30.684700
30.684693
30.684367
30.684398
30.684387
30.684428
30.684543
30.684548
30.684422
30.684437
30.684503
30.684507
30.684508
30.684507
30.684478
30.684460
30.685042
30.685018
30.684377
30.684372
30.684368
30.684373
30.684372
30.684362
30.684727
30.684645
30.684645
30.684720
30.684722
30.684738
30.684908
30.684888
30.684890
30.684885
30.684905
30.684920
30.684917
30.684627
30.684628
30.685130
30.685117
30.685068
30.685063
30.684402
30.684423
30.685090
30.685023
30.684833
30.684822
30.684642
30.684693
30.684702
30.684947
30.684975
30.684992
30.685017
30.684702
30.684708
30.684893
30.684902
30.684950
30.685003
30.685168
30.685005
30.684713
30.684757
30.684772
30.684922
30.684925
30.683850
30.683262
30.683257
30.683285
30.683253
30.682923
30.682912
30.682815
30.682787
30.682563
30.682527
30.682420
30.682407
30.682008
30.682037
30.682170
30.682178
30.682108
30.682302
30.682175
30.682178
30.682203
30.682220
30.682023
30.682027
30.682015
30.682018
30.681850
30.681890
30.681993
30.681987
30.681948
30.681950
30.682092
30.682090
30.682073
30.682078
30.682090
30.682117
30.682137
30.682147
30.681952
30.681975
30.681908
30.681912
30.681937
30.681935
30.681925
30.682005
30.682030
30.682022
30.682007
30.681982
30.681788
30.681810
30.681857
30.681860
30.681792
30.681808
30.681812
30.681878
30.681915
30.682138
30.682125
30.681950
30.681950
30.682117
30.681990
30.682002
30.681930
30.681947
30.681867
30.681877
30.682013
30.682008
30.682265
30.682270
30.682425
30.682375
30.682178
30.682188
30.682192
30.682250
30.682222
30.682230
30.682450
30.682438
30.682172
30.682197
30.682130
30.682130
30.682113
30.682120
30.682143
30.682137
30.682113
30.682115
30.682255
30.682225
30.682162
30.682160
30.682088
30.682080
30.682105
30.682127
30.682342
30.682353
30.682313
30.682337
30.682518
30.682518
30.682613
30.682600
30.682737
30.682743
30.683805
30.683833
30.683633
30.683593
30.683400
30.683398
30.684035
30.684037
30.683857
30.683873
30.684007
30.684038
30.684317
30.684310
30.684435
30.684427
30.684362