104.061883
104.06193
104.06187
104.061803
104.06181
104.061882
104.061932
104.061865
104.061323
104.061278
104.061253
104.061137
104.061117
104.061115
104.061122
104.06113
104.061137
104.061148
104.061155
104.061157
104.061153
104.061143
104.061142
104.061137
104.061133
104.061118
104.061118
104.061105
104.061077
104.061072
104.061075
104.061065
104.061053
104.061055
104.061058
104.061047
104.061037
104.061037
104.061037
104.061037
104.061037
104.061037
104.061037
104.061022
104.061055
104.061057
104.061088
104.061103
104.061115
104.061113
104.061102
104.061108
104.061172
104.061172
104.06117
104.061203
104.061215
104.061227
104.061298
104.06132
104.061342
104.061373
104.061383
104.061393
104.061428
104.061438
104.061447
104.061465
104.061467
104.061472
104.061472
104.061472
104.061472
104.061473
104.061475
104.061475
104.061475
104.061475
104.061475
104.061475
104.061475
104.061475
104.061475
104.061475
104.061475
104.061475
104.061475
104.061475
104.061475
104.061475
104.061475
104.061475
104.061475
104.061475
104.061475
104.061475
104.061382
104.06137
104.06136
104.061358
104.061358
104.061358
104.061352
104.061352
104.061355
104.06136
104.06136
104.06136
104.06136
104.061433
104.061438
104.061445
104.061442
104.06144
104.06144
104.061437
104.061427
104.061427
104.06136
104.06134
104.061258
104.0612
104.061083
104.061048
104.06099
104.060955
104.060895
104.060887
104.060878
104.060885
104.060883
104.06088
104.06088
104.060878
104.060878
104.060877
104.060872
104.060872
104.060882
104.06088
104.060908
104.060907
104.060918
104.060918
104.060902
104.060897
104.060897
104.0609
104.060935
104.060978
104.061022
104.061027
104.061097
104.061093
104.061135
104.061145
104.061212
104.061222
104.061207
104.06118
104.061183
104.061187
104.06119
104.06119
104.061303
104.061308
104.061313
104.061313
104.061313
104.061313
104.061353
104.061365
104.061365
104.061365
104.061365
104.061365
104.061365
104.061365
104.061365
104.061365
104.061365
104.061365
104.061365
104.061365
104.061365
104.061365
104.061365
104.061365
104.061365
104.061365
104.06134
104.061327
104.061307
104.061312
104.061307
104.061263
104.06125
104.061248
104.06123
104.061243
104.061268
104.061308
104.061308
104.061305
104.061268
104.061265
104.061263
104.061263
104.061258
104.061275
104.061315
104.061317
104.061315
104.061307
104.061303
104.0613
104.06128
104.061268
104.061255
104.061203
104.06119
104.06118
104.06114
104.061128
104.061115
104.061097
104.061087
104.061077
104.061052
104.06104
104.06103
104.061007
104.061
104.060995
104.060978
104.060962
104.060953
104.060932
104.060927
104.060917
104.060888
104.060875
104.060865
104.06083
104.060818
104.06081
104.06078
104.060768
104.060758
104.060737
104.060723
104.060703
104.060673
104.060665
104.060655
104.060637
104.060632
104.060625
104.060603
104.060597
104.060592
104.060553
104.06054
104.060458
104.060435
104.060298
104.060257
104.060153
104.060133
104.060082
104.060065
104.060023
104.060013
104.059982
104.059967
104.059933
104.059922
104.059927
104.059913
104.059883
104.059872
104.059838
104.059825
104.05978
104.059768
104.059752
104.059735
104.059725
104.059718
104.059713
104.059653
104.059638
104.05954
104.059513
104.059387
104.059357
104.059275
104.059257
104.059272
104.059272
104.059267
104.059267
104.059245
104.05924
104.059227
104.059227
104.05917
104.059157
104.059162
104.059162
104.05916
104.059165
104.059172
104.059182
104.05918
104.05918
104.059168
104.059168
104.059172
104.05917
104.059168
104.059168
104.059168
104.059168
104.059168
104.059168
104.059168
104.059168
104.059168
104.059168
104.059083
104.059083
104.059083
104.059083
104.059083
104.059083
104.059083
104.060253
104.060242
104.060235
104.06025
104.060252
104.060243
104.06022
104.060207
104.060148
104.060143
104.060123
104.060083
104.060072
104.060052
104.06005
104.060043
104.060033
104.059985
104.059977
104.05996
104.059957
104.059952
104.059935
104.05986
104.059853
104.059845
104.059837
104.059828
104.059818
104.059807
104.059803
104.059778
104.059777
104.059747
104.05972
104.059713
104.059712
104.059683
104.059737
104.05975
104.059743
104.059718
104.059668
104.059627
104.05954
104.059455
104.059368
104.059288
104.059218
104.059165
104.059135
104.059108
104.058995
104.058928
104.058925
104.058922
104.058912
104.058912
104.058912
104.058912
104.058912
104.058912
104.058912
104.058912
104.058912
104.058912
104.058912
104.058912
104.058912
104.058912
104.058912
104.058912
104.058912
104.058912
104.058912
104.058912
104.058912
104.058912
104.058912
104.058912
104.058912
104.058912
104.058912
104.058912
104.058912
104.058912
104.058912
104.058912
104.058912
104.058912
104.058912
104.058912
104.058912
104.058912
104.058912
104.058912
104.058912
104.058912
104.058912
104.058912
104.058912
104.058912
104.058912
104.058957
104.058957
104.058957
104.058957
104.058957
104.058957
104.058957
104.058957
104.058957
104.058957
104.05895
104.058953
104.058958
104.058967
104.058967
104.059088
104.059098
104.059127
104.059117
104.059125
104.05914
104.059145
104.05915
104.059153
104.059158
104.059152
104.059162
104.059173
104.059182
104.059187
104.059232
104.059238
104.059248
104.059253
104.059295
104.059312
104.059325
104.05935
104.059375
104.05939
104.059407
104.059425
104.059463
104.059478
104.059503
104.059518
104.059542
104.059565
104.059583
104.059605
104.059625
104.05965
104.059662
104.059685
104.05972
104.059762
104.059783
104.0598
104.059867
104.059907
104.059943
104.059973
104.060052
104.060095
104.06013
104.06017
104.06022
104.060248
104.060275
104.060303
104.060338
104.060352
104.060348
104.060358
104.060372
104.060385
104.060397
104.060407
104.060417
104.060405
104.060378
104.060357
104.060362
104.060365
104.060368
104.060363
104.06035