30.54959
30.549562
30.549748
30.549745
30.549792
30.549772
30.549718
30.54954
30.549773
30.54978
30.549768
30.549765
30.549772
30.54977
30.549768
30.549763
30.549758
30.549752
30.549742
30.54973
30.549725
30.549712
30.549753
30.549745
30.549738
30.549733
30.549733
30.549718
30.54973
30.549728
30.549718
30.549722
30.54973
30.549735
30.549742
30.549737
30.549738
30.549745
30.549745
30.549745
30.549745
30.549745
30.549745
30.549755
30.549767
30.549767
30.549768
30.549773
30.549777
30.549768
30.54976
30.549757
30.549763
30.549758
30.54975
30.549738
30.549738
30.549735
30.549737
30.549735
30.549733
30.549713
30.549705
30.549698
30.549673
30.549667
30.549658
30.549652
30.549647
30.549642
30.54963
30.549633
30.549628
30.54963
30.54963
30.54963
30.54963
30.54963
30.54963
30.54963
30.54963
30.54963
30.54963
30.54963
30.54963
30.54963
30.54963
30.54963
30.54963
30.54963
30.54963
30.54963
30.54963
30.54963
30.54963
30.54963
30.549573
30.549563
30.549557
30.549547
30.549547
30.549547
30.549522
30.549523
30.549522
30.549515
30.549515
30.549515
30.549515
30.549393
30.549388
30.549252
30.549235
30.549215
30.549193
30.549165
30.54915
30.549142
30.549067
30.549035
30.548897
30.5488
30.548653
30.54862
30.548543
30.548517
30.548468
30.548458
30.548415
30.548397
30.548355
30.548345
30.548302
30.548292
30.548255
30.548245
30.548203
30.548192
30.54814
30.548128
30.548067
30.548057
30.548002
30.547992
30.547962
30.547955
30.547912
30.547895
30.547827
30.5478
30.547733
30.54772
30.547645
30.547638
30.54761
30.5476
30.547575
30.547582
30.547628
30.547647
30.547665
30.547665
30.547655
30.547655
30.547682
30.547687
30.54769
30.54769
30.54769
30.54769
30.547727
30.547732
30.547732
30.547732
30.547732
30.547732
30.547732
30.547732
30.547732
30.547732
30.547732
30.547732
30.547732
30.547732
30.547732
30.547732
30.547732
30.547732
30.547732
30.547732
30.547717
30.547703
30.54765
30.547635
30.547615
30.547565
30.547555
30.547545
30.547515
30.547512
30.547512
30.547503
30.547495
30.547485
30.54743
30.547417
30.547405
30.547372
30.54736
30.547345
30.547298
30.547288
30.547277
30.547243
30.54723
30.547228
30.547242
30.54724
30.547238
30.547242
30.547242
30.547242
30.547223
30.547222
30.54722
30.547208
30.547208
30.547208
30.54721
30.547207
30.547208
30.547225
30.547228
30.547232
30.547242
30.547243
30.547245
30.547255
30.547255
30.54726
30.547262
30.547262
30.547262
30.547272
30.547267
30.547263
30.547262
30.547265
30.547263
30.547257
30.54725
30.54725
30.547235
30.547237
30.547235
30.547238
30.547235
30.547235
30.54724
30.547245
30.547252
30.547257
30.547258
30.547328
30.54733
30.547282
30.54727
30.547273
30.547252
30.547227
30.547225
30.547228
30.547225
30.547257
30.547265
30.547297
30.547303
30.547327
30.547333
30.547343
30.547347
30.547367
30.547367
30.547368
30.547367
30.547357
30.547347
30.547342
30.547343
30.54734
30.547332
30.54733
30.547325
30.547322
30.547295
30.547295
30.547288
30.547283
30.547285
30.547285
30.547295
30.547295
30.547303
30.547305
30.54731
30.54731
30.547342
30.547347
30.547338
30.547335
30.547338
30.547362
30.547437
30.547455
30.547497
30.54751
30.547568
30.547582
30.54762
30.547627
30.547628
30.547628
30.547628
30.547628
30.547628
30.547628
30.547628
30.547628
30.547628
30.547628
30.547677
30.547677
30.547677
30.547677
30.547677
30.547677
30.547677
30.547612
30.547588
30.547522
30.547503
30.547493
30.547485
30.547485
30.54749
30.547482
30.547475
30.547498
30.547527
30.547542
30.547618
30.54763
30.54764
30.547668
30.54773
30.54774
30.547755
30.547762
30.547773
30.547785
30.547817
30.547877
30.547893
30.547893
30.547893
30.5479
30.547912
30.547922
30.54798
30.54805
30.548098
30.548187
30.548258
30.548338
30.548385
30.548387
30.548432
30.548473
30.548552
30.548552
30.548565
30.54861
30.548638
30.548663
30.54868
30.548692
30.548713
30.548747
30.548807
30.548872
30.548942
30.548948
30.54895
30.548955
30.548955
30.548955
30.548955
30.548955
30.548955
30.548955
30.548955
30.548955
30.548955
30.548955
30.548955
30.548955
30.548955
30.548955
30.548955
30.548955
30.548955
30.548955
30.548955
30.548955
30.548955
30.548955
30.548955
30.548955
30.548955
30.548955
30.548955
30.548955
30.548955
30.548955
30.548955
30.548955
30.548955
30.548955
30.548955
30.548955
30.548955
30.548955
30.548955
30.548955
30.548955
30.548955
30.548955
30.548955
30.548955
30.548955
30.548932
30.548928
30.548928
30.548928
30.548928
30.548928
30.548928
30.548928
30.548928
30.548928
30.54892
30.548922
30.548922
30.548927
30.548927
30.549003
30.549008
30.549035
30.549052
30.549058
30.549127
30.549132
30.549138
30.549143
30.549145
30.549058
30.54904
30.549038
30.549038
30.549043
30.549053
30.549055
30.549057
30.549062
30.548927
30.548923
30.548932
30.548935
30.548943
30.548953
30.548967
30.54898
30.548978
30.548977
30.54898
30.548982
30.54898
30.548977
30.549
30.549
30.54901
30.54904
30.549032
30.549058
30.549062
30.549042
30.54905
30.549047
30.549022
30.549027
30.549043
30.549063
30.549075
30.549082
30.549097
30.549107
30.549123
30.54914
30.549152
30.54916
30.549148
30.549145
30.54915
30.549148
30.54913
30.549117
30.549105
30.549093
30.549082
30.549073
30.549078
30.549083
30.549067
30.549063
30.549062
30.549065
30.54906