104.059915
104.059617
104.059167
104.058888
104.058807
104.05879
104.059502
104.059582
104.058462
104.058453
104.058862
104.058845
104.058902
104.058917
104.059195
104.059237
104.058873
104.058875
104.057755
104.058555
104.059177
104.059083
104.059202
104.05914
104.058825
104.058878
104.058915
104.058952
104.059307
104.059312
104.058958
104.059053
104.059535
104.059462
104.059432
104.059693
104.059272
104.059257
104.05905
104.059055
104.060108
104.05998
104.059862
104.059813
104.059448
104.059188
104.058435
104.058377