104.060000
104.059125
104.061777
104.061832
104.062177
104.062230
104.061962
104.062013
104.061142
104.061140
104.060945
104.060912
104.060950
104.060965
104.061402
104.061385
104.061288
104.061278
104.061265
104.060850
104.060815
104.060865
104.060873
104.060948
104.059847
104.059828
104.063160
104.063553
104.063503
104.061205
104.061178
104.061288
104.062390
104.060683
104.060677
104.061523
104.061545
104.061450
104.061572
104.060262
104.060265
104.059607
104.059612
104.060245
104.060293
104.062360
104.062340
104.061948
104.061862
104.060948
104.060870
104.060898
104.061228
104.061962
104.062083
104.062882
104.062892
104.062043
104.062005
104.062773
104.062767
104.059588
104.059752
104.060783
104.060757
104.060675
104.060640
104.061825
104.061832
104.061932
104.061910
104.061432
104.061435
104.061340
104.061315
104.060980
104.060978
104.060777
104.060800
104.060730
104.060707
104.059603
104.059543
104.059393
104.059395
104.059627
104.059622
104.059482
104.059503
104.059492
104.059487
104.059838
104.059840
104.059013
104.059087
104.059127
104.059327
104.059332
104.059510
104.059498
104.059482
104.059483
104.059890
104.059873
104.059285
104.059285
104.059373
104.059382
104.059505
104.059495
104.059647
104.059635
104.059655
104.059638
104.059558
104.059547
104.059598
104.059577
104.059590
104.059605
104.059678
104.059733
104.059923
104.059915
104.060250
104.060033
104.060210
104.060215
104.059330
104.059292
104.058995
104.059017
104.058823
104.058868
104.059077
104.059082
104.060077
104.060048
104.059355
104.059383
104.059112
104.059130
104.059290
104.059318
104.059665
104.059667
104.059693
104.059680
104.059323
104.059348
104.059352
104.059352
104.058337
104.058383
104.059630
104.059632
104.059613
104.059670
104.061232
104.061377
104.061262
104.061230
104.061715
104.061580
104.061670
104.061408
104.061342