30.549738
30.548627
30.549418
30.549495
30.549232
30.549140
30.549778
30.549717
30.549305
30.549307
30.549235
30.549205
30.549155
30.549160
30.549363
30.549352
30.549337
30.549332
30.549345
30.549587
30.550218
30.550217
30.549157
30.549195
30.551370
30.551392
30.547475
30.549055
30.549063
30.549433
30.549530
30.549343
30.545607
30.548557
30.548675
30.548358
30.548408
30.548360
30.548367
30.549405
30.549383
30.549898
30.549905
30.549300
30.549268
30.546603
30.546615
30.548618
30.548590
30.548285
30.548402
30.548493
30.548138
30.547302
30.547187
30.546005
30.546017
30.546890
30.547012
30.546113
30.546120
30.549797
30.549565
30.548303
30.548350
30.548712
30.548743
30.547080
30.547080
30.547605
30.547867
30.547338
30.547303
30.547217
30.547208
30.547317
30.547317
30.546998
30.546963
30.547078
30.547087
30.547310
30.547243
30.547285
30.547318
30.547063
30.547077
30.547063
30.547067
30.547228
30.547220
30.547113
30.547075
30.548402
30.548298
30.548257
30.547803
30.547808
30.547593
30.547587
30.547707
30.547697
30.547535
30.547510
30.547872
30.547853
30.547920
30.547883
30.547638
30.547653
30.547645
30.547643
30.547620
30.547632
30.547818
30.547807
30.547840
30.547862
30.547863
30.547885
30.548372
30.548373
30.548335
30.548340
30.548012
30.548247
30.548450
30.548475
30.549347
30.549367
30.549355
30.549352
30.549683
30.549678
30.549615
30.549600
30.548995
30.548940
30.549267
30.549303
30.549235
30.549235
30.549202
30.549198
30.549068
30.549062
30.549102
30.549108
30.549408
30.549385
30.549180
30.549185
30.550583
30.550472
30.549205
30.549213
30.549325
30.549273
30.547912
30.547737
30.548350
30.548543
30.549075
30.549217
30.549192
30.549997
30.549923