104.061778
104.060293
104.06017
104.060058
104.059355
104.059603
104.06318
104.063218
104.062817
104.062168
104.061775
104.061575
104.06081
104.060767
104.060648
104.06063
104.060633
104.06063
104.060738
104.06075
104.0609
104.060888
104.060682
104.060685
104.060653
104.06065
104.061398
104.061325
104.060697
104.060667
104.060555
104.060543
104.059768
104.059755
104.059418
104.059413
104.059333
104.059315
104.059615
104.059607
104.059352
104.059353
104.059242
104.05921
104.059268
104.059268
104.058898
104.058948
104.058785
104.058755
104.058883
104.058865
104.058863
104.058928
104.05931
104.059267
104.059035
104.059033
104.058945
104.058948
104.058932
104.058982
104.059003
104.059098
104.059107
104.059173
104.059408
104.0594
104.059895
104.059872
104.059662
104.059672