30.549533
30.549002
30.549508
30.549267
30.548357
30.548655
30.54914
30.549133
30.548767
30.548387
30.547765
30.547713
30.547122
30.547147
30.547208
30.547203
30.547267
30.547267
30.547433
30.547402
30.547177
30.547185
30.547242
30.547248
30.54704
30.54703
30.546002
30.546062
30.547067
30.54707
30.54737
30.54738
30.547698
30.547705
30.54782
30.547815
30.547758
30.547757
30.547953
30.54794
30.547788
30.547795
30.548345
30.548302
30.547835
30.547837
30.54884
30.548855
30.54877
30.548907
30.549337
30.549343
30.54914
30.549155
30.549165
30.549158
30.54895
30.548952
30.549342
30.549185
30.54921
30.549367
30.549368
30.549053
30.549067
30.549245
30.549013
30.54902
30.549173
30.549105
30.548587
30.548642