104.06121
104.060603
104.06069
104.06073
104.060748
104.060747
104.060683
104.060652
104.060632
104.060633
104.060653
104.060635
104.060607
104.060617
104.06062
104.060612
104.060607
104.060607
104.060608
104.06061
104.060617
104.060628
104.060595
104.060558
104.060558
104.060558
104.060418
104.060415
104.060395
104.060395
104.060395
104.060395
104.060395
104.060395
104.060395
104.060395
104.060395
104.060395
104.060395
104.060395
104.0605
104.060513
104.06052
104.060548
104.060553
104.060555
104.060565
104.060567
104.06057
104.060592
104.060603
104.060627
104.060685
104.060702
104.060715
104.06075
104.060755
104.060758
104.060767
104.06077
104.060785
104.060835
104.06085
104.060857
104.060863
104.060858
104.060865
104.060863
104.060857
104.060858
104.060858
104.060862
104.060875
104.060882
104.060888
104.06091
104.060917
104.060923
104.060943
104.060955
104.060968
104.06099
104.060998
104.060998
104.060998
104.060998
104.060998
104.060998
104.060998
104.060998
104.060998
104.060998
104.060998
104.061092
104.06109
104.06109
104.061275
104.061277
104.061278
104.061278
104.061278
104.061278
104.061278
104.061278
104.061278
104.061278
104.061278
104.061322
104.06133
104.06133
104.06138
104.061392
104.0614
104.0614
104.0614
104.0614
104.0614
104.0614
104.0614
104.0614
104.061485
104.061488
104.061477
104.061478
104.061468
104.061462
104.061455
104.061452
104.061442
104.06143
104.061408
104.061405
104.061383
104.061378
104.061353
104.06135
104.061333
104.06133
104.06133
104.061317
104.061273
104.061265
104.061227
104.061218
104.061233
104.06129
104.061337
104.061363
104.061465
104.06153
104.061577
104.0616
104.061588
104.061588
104.061588
104.061548
104.061548
104.061548
104.061633
104.061668
104.061698
104.06171
104.061565
104.061495
104.061502
104.061505
104.061605
104.061605
104.061605
104.061605
104.061605
104.061605
104.061605
104.061605
104.061605
104.061605
104.061605
104.061605
104.061605
104.061605
104.061508
104.061505
104.061505
104.061505
104.061505
104.061505
104.061505
104.061505
104.061505
104.061505
104.061505
104.061505
104.061505
104.061505
104.061505
104.061505
104.061505
104.061505
104.061505
104.061505
104.061505
104.061505
104.061505
104.061505
104.061505
104.061505
104.061505
104.061505
104.061505
104.061505
104.061505
104.061505
104.061472
104.061445
104.061435
104.061428
104.061407
104.061403
104.061398
104.061385
104.061388
104.061387
104.061387
104.061388
104.061398
104.06142
104.061428
104.061422
104.061423
104.061415
104.061422
104.06142
104.06142
104.061402
104.061387
104.061317
104.061297
104.061225
104.06121
104.061148
104.061137
104.06108
104.06107
104.061028
104.061025
104.060997
104.060988
104.060942
104.060927
104.060907
104.060918
104.060905
104.060895
104.060842
104.060817
104.060753
104.060748
104.060703
104.060697
104.06066
104.06065
104.060643
104.060628
104.06062
104.060608
104.0606
104.060537
104.060512
104.060468
104.060458
104.060377
104.060362
104.060295
104.060275
104.060225
104.060198
104.060092
104.060068
104.059985
104.059972
104.05993
104.059922
104.059897
104.059888
104.059847
104.059825
104.059778
104.059778
104.05976
104.059747
104.0597
104.05969
104.059643
104.05964
104.059598
104.05958
104.059548
104.05954
104.059445
104.059348
104.059315
104.059268
104.05927
104.059302
104.059327
104.059365
104.059407
104.059437
104.059385
104.059325
104.05934
104.059385
104.059403
104.059442
104.059463
104.059463
104.059463
104.059463
104.059635
104.059635
104.059635
104.059667
104.059672
104.059672
104.059672
104.059672
104.059672
104.059672
104.059778
104.059825
104.059825
104.059825
104.059825
104.059825
104.059825
104.059825
104.059825
104.059825
104.059825
104.059825
104.059825
104.059825
104.059825
104.059825
104.059825
104.059825
104.059825
104.059825
104.059825
104.059825
104.059732
104.059703
104.059685
104.05967
104.059665
104.059643
104.059638
104.059627
104.059622
104.059618
104.059618
104.059618
104.059618
104.059597
104.059595
104.059583
104.05958
104.05961
104.059643
104.059662
104.059668
104.059665
104.059665
104.059665
104.05971
104.05972
104.059737
104.059747
104.059755
104.059743
104.059737
104.059732
104.059728
104.059723
104.059737
104.059743
104.059748
104.05975
104.059752
104.059745
104.059745
104.05974
104.059732
104.059725
104.059723
104.059717
104.059712
104.059698
104.059683
104.059587
104.05956
104.059548
104.059552
104.059507
104.05938
104.059358
104.05934
104.059322
104.059303
104.059268
104.059253
104.059237
104.059222
104.05911
104.059103
104.059093
104.059082
104.059062
104.059052
104.059032
104.059002
104.058972
104.058957
104.058962
104.058967
104.058968
104.058973
104.058978
104.058983
104.058997
104.059007
104.059015
104.059025
104.059042
104.059047
104.059055
104.05906
104.059067
104.059068
104.059072
104.059073
104.059077
104.059077
104.059077
104.059077
104.059077
104.059077
104.059077
104.059077
104.059077
104.059077
104.059077
104.059077
104.059077
104.059077
104.059077
104.059077
104.059077
104.059077
104.059077
104.059077
104.059077
104.059077
104.059077
104.059077
104.059077
104.059077
104.059077
104.059077
104.059077
104.059077
104.059077
104.059077
104.059077
104.059077
104.059077
104.059077
104.059077
104.059077
104.059077
104.059077
104.059077
104.059077
104.059077
104.059077
104.059077
104.059077
104.059077
104.059077
104.059077
104.059077
104.059077
104.059077
104.059077
104.059077
104.059077
104.059077
104.059077
104.059077
104.059077
104.059077
104.059077
104.059077
104.059077
104.059077
104.059077
104.059077
104.059077
104.059077
104.059077
104.059077
104.059077
104.059077
104.059077
104.059077
104.059077
104.059077
104.059077
104.059077
104.059077
104.059077
104.059077
104.059077
104.059077
104.059077
104.059077
104.059077
104.059077
104.059125
104.059147
104.059155
104.05916
104.059152
104.059157
104.059162
104.059158
104.059193
104.059203
104.059237
104.059243
104.05925
104.05926
104.05927
104.059268
104.059262
104.059267
104.059267
104.059265
104.05926
104.059267
104.059275
104.059283
104.059295
104.059312
104.059325
104.059343
104.05936
104.059365
104.05937
104.059373
104.059383
104.059425
104.059435
104.059477
104.059488
104.059507
104.059518
104.05953
104.05954
104.059595
104.059603
104.059613
104.059665
104.059762
104.059772
104.059825
104.059858
104.059888
104.05992
104.059945
104.059962
104.059978
104.059983
104.05999
104.060007
104.060012
104.06001