30.551232
30.549263
30.54946
30.54952
30.54957
30.54949
30.549523
30.549548
30.549577
30.549582
30.549603
30.549622
30.54965
30.549657
30.54966
30.549657
30.54966
30.54966
30.549662
30.54966
30.549663
30.549647
30.54966
30.549675
30.549675
30.549675
30.549713
30.549717
30.549717
30.549717
30.549717
30.549717
30.549717
30.549717
30.549717
30.549717
30.549717
30.549717
30.549717
30.549717
30.549677
30.549675
30.549668
30.549652
30.549643
30.549643
30.549627
30.549623
30.549607
30.54959
30.54959
30.549582
30.549542
30.54951
30.549492
30.549475
30.549457
30.549453
30.549448
30.549455
30.549423
30.549422
30.54942
30.549423
30.549408
30.5494
30.549402
30.549393
30.549383
30.549377
30.549377
30.549378
30.549382
30.549378
30.54938
30.549397
30.549398
30.54941
30.549442
30.54946
30.549478
30.549512
30.549525
30.549525
30.549525
30.549525
30.549525
30.549525
30.549525
30.549525
30.549525
30.549525
30.549525
30.549575
30.549583
30.549583
30.549695
30.549695
30.549693
30.549693
30.549693
30.549693
30.549693
30.549693
30.549693
30.549693
30.549693
30.549612
30.549602
30.549602
30.549558
30.549552
30.549547
30.549547
30.549547
30.549547
30.549547
30.549547
30.549547
30.549547
30.549482
30.549475
30.549445
30.549438
30.549368
30.549353
30.549302
30.549287
30.549222
30.549208
30.549142
30.549127
30.549065
30.54905
30.54898
30.54896
30.54889
30.548875
30.548793
30.548748
30.548607
30.548575
30.54844
30.548353
30.548123
30.547925
30.547833
30.54773
30.547605
30.5475
30.547457
30.547433
30.54746
30.54746
30.54746
30.547607
30.547607
30.547607
30.547592
30.547587
30.5476
30.547605
30.547683
30.547722
30.547725
30.547727
30.547732
30.547733
30.547733
30.547733
30.547733
30.547733
30.547733
30.547733
30.547733
30.547733
30.547733
30.547733
30.547733
30.547733
30.547685
30.547668
30.547668
30.547668
30.547668
30.547668
30.547668
30.547668
30.547668
30.547668
30.547668
30.547668
30.547668
30.547668
30.547668
30.547668
30.547668
30.547668
30.547668
30.547668
30.547668
30.547668
30.547668
30.547668
30.547668
30.547668
30.547668
30.547668
30.547668
30.547668
30.547668
30.547668
30.5476
30.54761
30.547608
30.547603
30.547575
30.547565
30.547552
30.547515
30.547503
30.547495
30.547457
30.547445
30.54743
30.54739
30.547385
30.547345
30.547328
30.54732
30.547287
30.547275
30.547257
30.547223
30.547215
30.547203
30.547207
30.54721
30.547212
30.547203
30.5472
30.547202
30.547205
30.547222
30.547223
30.547223
30.547222
30.547205
30.547205
30.547202
30.547208
30.547215
30.547217
30.547187
30.547177
30.547158
30.547157
30.547148
30.547157
30.547142
30.547135
30.547132
30.54713
30.54713
30.547132
30.547132
30.54714
30.547125
30.547103
30.547097
30.547103
30.547097
30.547103
30.547105
30.547115
30.547118
30.547142
30.547142
30.547153
30.54716
30.547163
30.547173
30.547175
30.547188
30.54722
30.54722
30.547223
30.547237
30.547237
30.547232
30.547203
30.547192
30.547182
30.547182
30.547173
30.547183
30.547177
30.547173
30.547153
30.54715
30.54714
30.547137
30.547135
30.547127
30.547147
30.547152
30.547143
30.547162
30.547222
30.547293
30.547375
30.547422
30.547447
30.54748
30.547495
30.547495
30.547495
30.547495
30.547478
30.547478
30.547478
30.547487
30.547493
30.547493
30.547493
30.547493
30.547493
30.547493
30.547558
30.54758
30.54758
30.54758
30.54758
30.54758
30.54758
30.54758
30.54758
30.54758
30.54758
30.54758
30.54758
30.54758
30.54758
30.54758
30.54758
30.54758
30.54758
30.54758
30.54758
30.54758
30.547565
30.547555
30.547547
30.54754
30.547542
30.547537
30.547533
30.547532
30.547533
30.547538
30.547538
30.547538
30.547538
30.547543
30.547553
30.54753
30.54753
30.54753
30.547548
30.547585
30.547607
30.547623
30.547623
30.547623
30.547752
30.547763
30.547777
30.547788
30.547798
30.54789
30.547913
30.547935
30.54795
30.547967
30.548013
30.548015
30.54802
30.548025
30.548037
30.548117
30.548128
30.548138
30.548152
30.548157
30.548223
30.548235
30.548252
30.548273
30.548297
30.548455
30.548487
30.548502
30.548507
30.548527
30.548615
30.54864
30.548652
30.548663
30.548675
30.548695
30.548705
30.548712
30.548717
30.54877
30.548778
30.548783
30.548792
30.5488
30.548802
30.548802
30.548802
30.54881
30.54881
30.548812
30.548812
30.548813
30.548812
30.548815
30.54882
30.548825
30.548827
30.548825
30.54883
30.54884
30.548842
30.548843
30.548847
30.54886
30.548875
30.548882
30.548882
30.548878
30.548878
30.548878
30.548878
30.548878
30.548878
30.548878
30.548878
30.548878
30.548878
30.548878
30.548878
30.548878
30.548878
30.548878
30.548878
30.548878
30.548878
30.548878
30.548878
30.548878
30.548878
30.548878
30.548878
30.548878
30.548878
30.548878
30.548878
30.548878
30.548878
30.548878
30.548878
30.548878
30.548878
30.548878
30.548878
30.548878
30.548878
30.548878
30.548878
30.548878
30.548878
30.548878
30.548878
30.548878
30.548878
30.548878
30.548878
30.548878
30.548878
30.548878
30.548878
30.548878
30.548878
30.548878
30.548878
30.548878
30.548878
30.548878
30.548878
30.548878
30.548878
30.548878
30.548878
30.548878
30.548878
30.548878
30.548878
30.548878
30.548878
30.548878
30.548878
30.548878
30.548878
30.548878
30.548878
30.548878
30.548878
30.548878
30.548878
30.548878
30.548878
30.548878
30.548878
30.548878
30.548878
30.548878
30.54892
30.548923
30.548913
30.548912
30.548918
30.54892
30.548915
30.548908
30.548905
30.548905
30.548907
30.548892
30.548885
30.548897
30.548908
30.548903
30.548907
30.548912
30.548918
30.548927
30.54893
30.548927
30.548925
30.548927
30.548922
30.548917
30.548915
30.548905
30.548897
30.548897
30.548907
30.548913
30.548917
30.548927
30.548935
30.548985
30.54899
30.548995
30.549005
30.549012
30.549018
30.549117
30.549123
30.549122
30.549095
30.549077
30.549078
30.549097
30.549092
30.549088
30.549085
30.54908
30.549102
30.549122
30.549138
30.549133
30.549138
30.549132
30.549142