104.060433
104.06042
104.060583
104.060848
104.060742
104.060538
104.060533
104.060923
104.060893
104.060835
104.060828
104.061348
104.061215
104.060895
104.060908
104.060772
104.060735
104.060872
104.060895
104.060913
104.060712
104.06071
104.061178
104.061143
104.061438
104.061395
104.060837
104.060838
104.06039
104.060388
104.060885
104.060795
104.0609
104.060882
104.0609
104.061123
104.060967
104.061017
104.061182
104.061183
104.061177
104.06118
104.061312
104.061308
104.061152
104.061162
104.06118
104.06119
104.061162
104.06117
104.061333
104.061318
104.061313
104.061305
104.06139
104.061372
104.061285
104.061257
104.060967
104.060968
104.0607
104.060692
104.060388
104.060387
104.06014
104.060087
104.059937
104.059863
104.059812
104.059788
104.059423
104.059385
104.059245
104.059243
104.05951
104.059523
104.060187
104.060183
104.058803
104.058827
104.059087
104.05943
104.059683
104.059668
104.059923
104.059903
104.059952
104.059833
104.05924
104.059205
104.059282
104.059237
104.059022
104.059033
104.058612
104.058753
104.05904
104.059018
104.058512
104.058508
104.058632
104.058703
104.058582
104.058572
104.058462
104.058468
104.058463
104.058455
104.058707
104.058515
104.058525
104.058635
104.058633
104.058765
104.058762
104.05881
104.058828
104.059258
104.059265
104.059498
104.059535
104.05999
104.059987
104.0601
104.060123