30.549087
30.549295
30.549153
30.549702
30.549533
30.549022
30.549028
30.549192
30.549112
30.548952
30.549233
30.549315
30.549262
30.548967
30.548988
30.548927
30.548838
30.549563
30.549473
30.54946
30.54876
30.548765
30.54901
30.548985
30.549193
30.549205
30.548788
30.548797
30.54819
30.548123
30.547713
30.548527
30.548273
30.548242
30.548195
30.547335
30.547362
30.547315
30.54761
30.547613
30.547668
30.547668
30.547727
30.547712
30.547533
30.547527
30.547452
30.547473
30.547608
30.547605
30.547702
30.547687
30.547535
30.547538
30.547665
30.547613
30.54721
30.547202
30.547707
30.547697
30.547345
30.547377
30.547642
30.547628
30.547137
30.547122
30.547108
30.547125
30.547857
30.547895
30.547782
30.547748
30.547703
30.547688
30.547752
30.54779
30.548443
30.548467
30.54709
30.547102
30.547382
30.547707
30.547843
30.54784
30.548003
30.547997
30.547365
30.547372
30.54796
30.547962
30.548205
30.548188
30.548547
30.548557
30.548977
30.549093
30.549183
30.549148
30.54915
30.54919
30.548682
30.5488
30.548947
30.548952
30.54875
30.548758
30.548753
30.54875
30.548882
30.549092
30.549072
30.54899
30.548965
30.548728
30.548742
30.549067
30.54904
30.548638
30.548618
30.548598
30.548608
30.548975
30.548947
30.548543
30.548575