-3.294000
-3.217000
-3.294000
-3.141000
-3.064000
-3.217000
-3.141000
-3.064000
-3.294000
-3.294000
-3.371000
-3.294000
-3.141000
-3.217000
-3.217000
-3.064000
-3.294000
-3.217000
-3.217000
-3.064000
-3.141000
-3.064000
-3.141000
-3.217000
-3.064000
-3.064000
-3.141000
-3.217000
-3.294000
-3.141000
-3.294000
-3.217000
-3.217000
-3.294000
-3.141000
-3.141000
-3.294000
-3.217000
-3.217000
-3.294000
-3.217000
-3.217000
-3.371000
-3.141000
-3.217000
-3.141000
-3.141000
-3.217000
-3.141000
-3.217000
-2.988000
-3.217000
-3.141000
-3.141000
-3.294000
-3.141000
-3.141000
-3.141000
-3.141000
-3.217000
-3.141000
-3.064000
-3.217000
-3.141000
-3.217000
-3.217000
-3.447000
-3.141000
-3.217000
-3.217000
-3.371000
-3.371000
-3.294000
-3.371000
-3.294000
-3.217000
-3.217000
-3.217000
-3.371000
-3.217000
-3.141000
-3.294000
-3.294000
-3.371000
-3.141000
-3.217000
-3.217000
-2.988000
-3.217000
-3.217000
-3.294000
-3.217000
-3.064000
-3.217000
-3.371000
-3.141000
-3.141000
-3.371000
-3.830000
-3.141000
-3.217000
-3.217000
-3.064000
-3.141000
-3.141000
-3.141000
-3.217000
-3.141000
-3.217000
-3.217000
-3.217000
-3.217000
-3.141000
-3.064000
-3.141000
-3.294000
-3.064000
-3.141000
-3.141000
-3.294000
-3.217000
-3.294000
-3.294000
-3.294000
-3.294000
-3.217000
-3.064000
-3.217000
-3.294000
-3.294000
-3.141000
-3.217000
-3.217000
-3.141000
-3.217000
-3.294000
-3.294000
-3.217000
-3.217000
-3.217000
-3.141000
-3.217000
-3.217000
-3.371000
-3.217000
4.520000
0.306000
0.612000
-3.064000
-5.133000
-5.209000
-5.133000
-4.980000
-5.056000
-5.133000
-5.056000
-5.056000
-5.056000
-5.133000
-5.133000
-5.133000
-5.056000
-5.056000
-5.056000
-5.056000
-5.056000
-5.133000
-5.056000
-5.056000
-5.056000
-5.056000
-5.133000
-5.056000
-5.056000
-5.133000
-5.133000
-4.980000
-5.133000
-5.056000
-5.133000
-4.980000
-5.133000
-4.980000
3.907000
2.375000
4.213000
3.677000
3.984000
5.209000
2.528000
3.217000
3.984000
2.375000
-0.536000
-2.221000
-0.153000
1.762000
-1.225000
0.383000
0.766000
-3.064000
2.604000
3.754000
2.988000
1.532000
1.608000
0.306000
1.608000
3.524000
1.608000
2.221000