-0.536000
-0.383000
-0.459000
-0.459000
-0.459000
-0.459000
-0.536000
-0.459000
-0.383000
-0.536000
-0.383000
-0.383000
-0.459000
-0.536000
-0.383000
-0.383000
-0.383000
-0.536000
-0.459000
-0.459000
-0.306000
-0.383000
-0.383000
-0.383000
-0.383000
-0.459000
-0.536000
-0.459000
-0.536000
-0.459000
-0.536000
-0.459000
-0.383000
-0.612000
-0.536000
-0.383000
-0.536000
-0.536000
-0.459000
-0.383000
-0.383000
-0.459000
-0.459000
-0.459000
-0.536000
-0.383000
-0.306000
-0.536000
-0.536000
-0.383000
-0.383000
-0.383000
-0.459000
-0.306000
-0.383000
-0.536000
-0.612000
-0.383000
-0.459000
-0.459000
-0.536000
-0.459000
-0.383000
-0.459000
-0.459000
-0.459000
-0.459000
-0.459000
-0.459000
-0.459000
-0.459000
-0.383000
-0.459000
-0.459000
-0.459000
-0.459000
-0.536000
-0.459000
-0.383000
-0.383000
-0.536000
-0.536000
-0.536000
-0.383000
-0.229000
-0.459000
-0.536000
-0.383000
-0.459000
-0.536000
-0.459000
-0.229000
-0.459000
-0.766000
-0.689000
-0.306000
-0.076000
-0.766000
0.000000
-0.383000
-0.229000
-0.229000
-0.689000
-0.536000
-0.612000
-0.459000
-0.689000
-0.689000
-0.383000
-0.612000
-0.536000
-0.383000
-0.612000
-0.612000
-0.306000
-0.536000
-0.306000
-0.153000
-0.306000
-0.689000
-0.459000
-0.459000
-0.229000
-0.229000
-0.306000
-0.306000
-0.459000
-0.536000
-0.383000
-0.306000
-0.536000
-0.229000
-0.612000
-0.459000
-0.612000
-0.612000
-0.612000
-0.536000
-0.306000
-0.383000
-0.383000
-0.383000
-0.306000
-0.689000
-0.689000
7.125000
2.758000
2.451000
-0.919000
0.000000
-0.076000
0.000000
0.000000
-0.076000
-0.076000
-0.076000
-0.153000
0.076000
0.076000
0.000000
-0.076000
0.000000
0.076000
-0.076000
-0.076000
-0.076000
0.000000
-0.153000
-0.076000
-0.153000
-0.076000
-0.076000
0.076000
-0.153000
0.000000
0.000000
-0.153000
-0.076000
-0.076000
-0.076000
-0.076000
-0.076000
-0.076000
-2.375000
-4.520000
-1.915000
-2.834000
-5.976000
-7.508000
-3.064000
-4.137000
-5.363000
-3.141000
-3.294000
-5.439000
-5.056000
-4.826000
-1.992000
-5.593000
-7.355000
-5.133000
-5.822000
-5.976000
-5.669000
-7.814000
-5.976000
-3.907000
-6.742000
-8.351000
-6.665000
-3.524000