-8.581000
-8.581000
-8.504000
-8.581000
-8.504000
-8.581000
-8.657000
-8.581000
-8.581000
-8.427000
-8.581000
-8.581000
-8.581000
-8.581000
-8.581000
-8.581000
-8.504000
-8.581000
-8.581000
-8.581000
-8.581000
-8.581000
-8.581000
-8.581000
-8.581000
-8.657000
-8.657000
-8.581000
-8.504000
-8.581000
-8.351000
-8.504000
-8.581000
-8.504000
-8.657000
-8.504000
-8.581000
-8.581000
-8.581000
-8.504000
-8.581000
-8.581000
-8.581000
-8.657000
-8.581000
-8.657000
-8.581000
-8.581000
-8.657000
-8.504000
-8.581000
-8.504000
-8.504000
-8.581000
-8.581000
-8.581000
-8.581000
-8.504000
-8.657000
-8.581000
-8.504000
-8.581000
-8.581000
-8.504000
-8.581000
-8.504000
-8.581000
-8.581000
-8.504000
-8.581000
-8.581000
-8.504000
-8.581000
-8.581000
-8.657000
-8.581000
-8.581000
-8.581000
-8.504000
-8.504000
-8.581000
-8.657000
-8.581000
-8.657000
-8.581000
-8.504000
-8.427000
-8.504000
-8.657000
-8.581000
-8.504000
-8.504000
-8.504000
-8.504000
-8.581000
-8.734000
-8.581000
-8.504000
-8.427000
-8.581000
-8.657000
-8.657000
-8.581000
-8.427000
-8.581000
-8.504000
-8.351000
-8.504000
-8.581000
-8.657000
-8.657000
-8.581000
-8.504000
-8.581000
-8.581000
-8.427000
-8.657000
-8.657000
-8.657000
-8.504000
-8.504000
-8.581000
-8.657000
-8.734000
-8.581000
-8.657000
-8.657000
-8.581000
-8.504000
-8.504000
-8.504000
-8.657000
-8.581000
-8.504000
-8.581000
-8.657000
-8.657000
-8.504000
-8.504000
-8.581000
-8.657000
-8.581000
-8.581000
-8.504000
-8.504000
-10.036000
-10.649000
-6.205000
-6.818000
-7.661000
-7.738000
-7.738000
-7.661000
-7.738000
-7.661000
-7.738000
-7.661000
-7.661000
-7.738000
-7.738000
-7.661000
-7.661000
-7.661000
-7.661000
-7.738000
-7.661000
-7.661000
-7.661000
-7.585000
-7.738000
-7.814000
-7.738000
-7.661000
-7.661000
-7.661000
-7.738000
-7.738000
-7.661000
-7.738000
-7.738000
-7.738000
-7.738000
-7.661000
-7.202000
-2.834000
-4.367000
-6.589000
-9.730000
-5.976000
-4.213000
-4.597000
-5.209000
-9.040000
-10.113000
-8.810000
-6.895000
-5.056000
-6.205000
-5.133000
-6.818000
-8.734000
-4.673000
-3.601000
-3.601000
-8.581000
-4.520000
-5.056000
-8.504000
-7.278000
-5.439000
-3.064000