104.116548
104.116773
104.116738
104.116258
104.116245
104.116152
104.116175
104.116518
104.116518
104.116510
104.116523
104.116438
104.116418
104.116338
104.116428
104.116278
104.116253
104.116683
104.116667
104.116658
104.116663
104.116550
104.116552
104.116392
104.116418
104.116435
104.116433
104.116393
104.116400
104.116350
104.116385
104.116353
104.116498
104.116300
104.116283
104.116337
104.116353
104.116348
104.115547
104.115650
104.117328
104.117408
104.117467
104.117410
104.117427
104.116462
104.116458
104.116380
104.116420
104.116463
104.116453
104.116425
104.116427
104.116252
104.116282
104.116347
104.116352
104.116382
104.116415
104.116397
104.116392
104.116310
104.116293
104.116252
104.116250
104.116297
104.116320
104.116348
104.116348
104.116382
104.116388
104.116348
104.116313
104.116338
104.116337
104.116385
104.116303
104.116555
104.116522
104.116237
104.116277
104.116285
104.116295
104.116292
104.116302
104.116033
104.116092
104.116178
104.116480
104.116398
104.116412
104.116397
104.116402
104.116443
104.116453
104.116477
104.116523
104.116365
104.116352
104.116368
104.116367
104.116520
104.116565
104.116530
104.116538
104.116483
104.116482
104.116438
104.116452
104.116468
104.116482
104.116435
104.116443
104.116345
104.116318
104.116322
104.116313
104.116230
104.116222
104.116340
104.116347
104.116348
104.116375
104.116303
104.116283
104.116597
104.116573
104.116483
104.115657
104.115892
104.115890
104.116123
104.118108
104.116515
104.116518
104.116448
104.116477
104.116532
104.116557
104.116543
104.116555
104.116552
104.116585
104.116518
104.116558
104.116393
104.116367
104.115965
104.116085
104.116145
104.116093
104.115872
104.115840
104.116023
104.115978
104.116000
104.115975
104.116250
104.116260
104.116257
104.116225
104.116082
104.116067
104.115917
104.115938
104.116048
104.116037
104.116035
104.115890
104.115898
104.115905
104.115818
104.115833
104.116027
104.116005
104.115785
104.115803
104.116005
104.116022
104.115843
104.115857
104.115950
104.115953
104.116065
104.116115
104.116188
104.116240
104.116990
104.117007
104.117320
104.117315
104.117473
104.117488
104.117528
104.117588
104.117923
104.117920
104.118105
104.118085
104.117790
104.117762
104.117605
104.117573
104.117197
104.117190
104.117045
104.117022
104.116733
104.116727
104.116448
104.116440