30.684397
30.684602
30.684610
30.684737
30.684718
30.684580
30.684615
30.684178
30.684280
30.684770
30.684682
30.684605
30.684557
30.684545
30.684523
30.684665
30.684637
30.684693
30.684672
30.684685
30.684657
30.684533
30.684553
30.684563
30.684557
30.684558
30.684562
30.684497
30.684503
30.684615
30.684608
30.684600
30.684585
30.684638
30.684652
30.684627
30.684615
30.684602
30.685087
30.685127
30.684475
30.685952
30.685713
30.686045
30.686030
30.684915
30.684910
30.684760
30.684700
30.684718
30.684752
30.684738
30.684715
30.684757
30.684742
30.684835
30.684848
30.684852
30.684853
30.684807
30.684763
30.684870
30.684855
30.684835
30.684823
30.684780
30.684738
30.684752
30.684758
30.684813
30.684800
30.684783
30.684758
30.684727
30.684720
30.684750
30.684692
30.684867
30.684750
30.684822
30.684823
30.684823
30.684828
30.684835
30.684842
30.684592
30.684620
30.684573
30.684313
30.684430
30.684457
30.684627
30.684588
30.684570
30.684560
30.684618
30.684672
30.684687
30.684678
30.684685
30.684690
30.684767
30.684828
30.684822
30.684867
30.684852
30.684843
30.684823
30.684817
30.684727
30.684763
30.684670
30.684680
30.684620
30.684542
30.684785
30.684780
30.684555
30.684525
30.684505
30.684548
30.684553
30.684553
30.684567
30.684572
30.684567
30.684570
30.684572
30.685107
30.684982
30.684982
30.684802
30.684593
30.684628
30.684597
30.684538
30.684562
30.684537
30.684543
30.684653
30.684678
30.684388
30.684398
30.684477
30.684498
30.684635
30.684658
30.684360
30.682753
30.682668
30.682375
30.682005
30.682015
30.682100
30.682077
30.682027
30.682020
30.682128
30.682128
30.682175
30.682160
30.682118
30.682127
30.682140
30.682152
30.682057
30.682052
30.682048
30.682010
30.681950
30.681947
30.681980
30.681988
30.682085
30.682070
30.681813
30.681842
30.682005
30.682023
30.682130
30.682140
30.682028
30.682033
30.682027
30.682058
30.682073
30.682107
30.682058
30.682110
30.682253
30.682303
30.682442
30.682457
30.682465
30.682620
30.682695
30.682758
30.683140
30.683170
30.683397
30.683408
30.683495
30.683530
30.683728
30.683762
30.683942
30.683928
30.684303
30.684297
30.684365
30.684377