104.060512
104.060418
104.061572
104.062177
104.06108
104.060958
104.06016
104.060153
104.060512
104.060452
104.060172
104.06018
104.059998
104.059965
104.059708
104.059735
104.05984
104.059787
104.059707
104.059967
104.060705
104.059075
104.060242
104.059498
104.060423
104.060383
104.06026
104.060233
104.06012
104.060088
104.059465
104.059483
104.059433
104.059453
104.059715
104.059683
104.059633
104.059647
104.060237
104.060233
104.059805
104.059828
104.059918
104.059917
104.059582
104.0596
104.059777
104.059772
104.059572
104.059577
104.059587
104.0596
104.059768
104.059743
104.059577
104.059575
104.059117
104.05908
104.058868
104.058842
104.05854
104.058657
104.059888
104.059843
104.059817
104.05964
104.059387
104.059383
104.059212
104.059215
104.059293
104.059262
104.059065
104.059047
104.058578
104.05862
104.058983
104.059022
104.059493