30.549943
30.550462
30.550048
30.549793
30.550443
30.550467
30.550132
30.550313
30.548478
30.548117
30.54735
30.547927
30.547598
30.547633
30.547425
30.547403
30.546825
30.546845
30.54661
30.546282
30.54486
30.547093
30.54563
30.546063
30.545398
30.545393
30.54787
30.54788
30.547902
30.547923
30.547497
30.547487
30.547468
30.547463
30.54773
30.547695
30.548033
30.548032
30.547628
30.547652
30.547593
30.547603
30.547785
30.54779
30.547443
30.547472
30.547923
30.547932
30.548067
30.548082
30.548215
30.548233
30.548463
30.548463
30.548598
30.548612
30.549542
30.54954
30.549848
30.549798
30.549025
30.549023
30.548827
30.548828
30.549375
30.549308
30.548948
30.548943
30.548992
30.548965
30.549437
30.549402
30.549685
30.549615
30.54918
30.54911
30.550955
30.550935
30.547918