104.060528
104.060515
104.060592
104.06037
104.060495
104.060577
104.060545
104.061497
104.061485
104.060705
104.060747
104.060818
104.060837
104.061113
104.061113
104.06117
104.06117
104.061015
104.061012
104.06118
104.061172
104.061218
104.061247
104.061193
104.061188
104.061152
104.06114
104.061258
104.061265
104.061012
104.061017
104.060935
104.060933
104.061075
104.06107
104.060987
104.060965
104.061323
104.061293
104.061288
104.061267
104.06148
104.061427
104.06173
104.06149
104.061453
104.061488
104.061483
104.061295
104.061317
104.061365
104.061365
104.061458
104.061453
104.060962
104.060952
104.060558
104.060548
104.06026
104.060238
104.060273
104.060257
104.05985
104.05984
104.059482
104.059482
104.059617
104.059608
104.059315
104.059315
104.059388
104.059317
104.059167
104.059192
104.059518
104.05952
104.059308
104.059353
104.059712
104.059732
104.059362
104.059283
104.059918
104.059892
104.059873
104.060085
104.057902
104.057888
104.058218
104.058167
104.058288
104.058313
104.058045
104.058045
104.058203
104.058318
104.058568
104.058705
104.058768
104.059398
104.058732
104.058785
104.059197
104.059242
104.058305
104.057975
104.058247
104.058228
104.058365
104.058357
104.058597
104.058582
104.058577
104.05863
104.058538
104.05847
104.058332
104.058318
104.058563
104.058557
104.058302
104.05825
104.058593
104.058582
104.058765
104.058762
104.058727
104.05876
104.05892
104.058932
104.058757
104.058792
104.059137
104.059077
104.059577
104.059508
104.059765
104.059758