30.548668
30.548668
30.548915
30.549417
30.548828
30.548975
30.548962
30.548092
30.548108
30.54917
30.54918
30.548748
30.54877
30.549215
30.549177
30.549225
30.549225
30.54914
30.549148
30.549452
30.549437
30.549363
30.549402
30.549258
30.549302
30.549465
30.549452
30.549432
30.549442
30.549113
30.549142
30.548825
30.54883
30.548738
30.548715
30.548527
30.548515
30.54826
30.548262
30.547908
30.547907
30.5477
30.547698
30.547573
30.547578
30.547822
30.547353
30.547365
30.54774
30.547752
30.547778
30.54778
30.547862
30.547852
30.547703
30.547722
30.547338
30.547325
30.547373
30.547375
30.546945
30.546967
30.54723
30.547255
30.546812
30.54682
30.54731
30.547393
30.54754
30.547573
30.548237
30.548048
30.548005
30.547998
30.54803
30.548023
30.54794
30.547905
30.547503
30.547488
30.547872
30.547807
30.546895
30.546945
30.546982
30.546147
30.54712
30.547127
30.546585
30.546737
30.54632
30.546308
30.5465
30.54651
30.547722
30.547558
30.547487
30.547448
30.547422
30.547195
30.547875
30.547888
30.547637
30.54767
30.548583
30.548803
30.548193
30.54825
30.548128
30.548115
30.54808
30.548058
30.548068
30.548122
30.548118
30.547857
30.547153
30.54736
30.547962
30.54788
30.548245
30.548205
30.547547
30.547577
30.5482
30.548245
30.548292
30.54829
30.548648
30.54864
30.547853
30.547817
30.547838
30.547882
30.547738
30.547793
30.548078
30.548127