-7.355000
-8.351000
-4.443000
-4.367000
-4.443000
-4.520000
-4.367000
-4.520000
-4.290000
0.459000
-0.153000
0.000000
2.911000
-0.919000
-1.915000
0.919000
0.996000
0.459000
0.076000
0.612000
1.302000
1.455000
-1.685000
0.766000
-1.608000
1.608000
4.750000
4.597000
4.597000
4.903000
4.826000
4.826000
0.459000
0.076000
-0.612000
-0.612000
3.217000
-1.608000
0.000000
-0.459000
0.229000
0.766000
0.383000
-1.149000
-0.306000
-0.229000
-3.141000
2.375000
0.229000
-3.601000
1.379000
-4.826000
-5.286000
-5.209000
-5.746000
-5.363000
-5.286000
-5.286000
-3.064000
4.597000
-1.072000
1.225000
8.810000
0.383000
4.980000
12.488000
0.842000
-2.221000
0.766000
1.455000
3.064000
-1.685000
-1.379000
0.076000
1.072000
1.072000
2.681000
1.532000
2.681000
0.000000
0.689000
0.306000
0.459000
0.996000
1.379000
3.601000
3.677000
2.604000
2.758000
2.604000
2.834000
2.681000
2.758000
2.834000
2.758000
2.834000
2.758000
2.758000
2.758000
2.758000
2.758000
2.758000
2.681000
2.834000
2.758000
2.834000
2.681000
2.758000
2.758000
2.758000
2.681000
2.834000
2.681000
1.225000
1.608000
-0.153000
-0.306000
-0.383000
-0.306000
2.451000
2.988000
2.988000
3.064000
3.064000
2.988000
2.988000
2.911000
2.834000
2.911000
2.758000
2.834000
2.834000
2.834000
2.988000
3.064000
3.064000
2.911000
3.064000
2.911000
2.911000
2.988000
2.988000
2.988000
2.834000
2.834000
2.528000
3.064000
0.689000
2.068000
1.302000
-2.528000
-0.689000
2.758000
0.689000
1.225000
0.689000
-0.383000
1.072000
-5.516000
-0.153000
0.612000
0.536000
6.972000
-1.532000
1.532000
0.536000
1.302000
1.072000
0.996000
1.379000
1.992000
2.068000
-0.229000
4.137000
0.612000
0.153000
4.750000
-2.298000
1.685000
0.306000
0.842000
-0.229000
0.229000
1.225000
-1.302000
5.439000
6.205000
6.818000
7.278000
7.278000
5.056000
1.455000
2.145000
1.608000
-0.766000
2.221000
3.907000
-0.612000
-0.306000
-0.536000
3.601000
7.738000
1.532000
3.677000
-0.612000