2.145000
5.976000
-0.919000
-0.919000
-0.919000
-1.072000
-0.919000
-0.996000
-0.842000
-2.298000
3.141000
4.826000
3.524000
2.911000
6.052000
5.209000
11.339000
4.137000
4.597000
5.056000
8.044000
10.956000
8.657000
7.202000
2.681000
-2.298000
-2.988000
-2.988000
-2.681000
-2.988000
-2.988000
-3.064000
-1.608000
4.443000
6.512000
5.516000
4.443000
4.137000
4.367000
8.887000
4.980000
8.734000
10.956000
8.810000
5.286000
7.814000
6.052000
10.496000
5.286000
5.209000
10.266000
6.895000
0.229000
0.306000
3.217000
0.076000
0.153000
0.153000
0.383000
-3.217000
-0.842000
-0.919000
-10.573000
0.306000
-1.072000
1.379000
1.149000
-3.984000
-0.229000
1.455000
-1.608000
3.064000
0.766000
-0.536000
-1.379000
-0.383000
3.447000
0.000000
-1.302000
0.229000
0.000000
0.000000
0.076000
-0.153000
0.076000
-0.229000
-0.459000
0.383000
0.306000
0.306000
0.536000
0.383000
0.306000
0.306000
0.383000
0.459000
0.383000
0.383000
0.383000
0.306000
0.383000
0.383000
0.459000
0.383000
0.459000
0.306000
0.383000
0.459000
0.383000
0.383000
0.383000
0.459000
0.459000
0.153000
0.536000
0.076000
0.076000
-0.076000
0.153000
0.383000
0.229000
0.306000
0.229000
0.383000
0.229000
0.383000
0.306000
0.306000
0.306000
0.153000
0.153000
0.229000
0.229000
0.383000
0.383000
0.306000
0.383000
0.536000
0.306000
0.383000
0.229000
0.306000
0.383000
0.383000
0.229000
-0.076000
-1.072000
-1.762000
0.153000
2.375000
-1.532000
-5.286000
5.133000
1.302000
2.221000
1.302000
-0.689000
1.992000
8.887000
-5.516000
-1.532000
-0.153000
-0.842000
4.826000
0.000000
3.754000
-3.217000
-3.371000
-2.988000
-3.447000
-1.455000
-2.911000
-9.500000
-1.072000
-5.669000
-7.125000
-0.306000
-12.565000
-2.068000
-5.669000
-3.677000
-7.814000
-7.891000
-0.689000
-6.129000
-1.608000
-2.604000
-3.447000
-3.524000
-3.447000
-9.500000
-0.766000
-1.608000
-4.980000
-3.907000
-1.915000
1.992000
-7.508000
-6.205000
-4.980000
-2.145000
-1.379000
-2.604000
0.536000
-8.964000