-2.528000
-1.532000
-8.121000
-8.044000
-8.044000
-8.044000
-7.891000
-7.968000
-7.891000
-8.734000
-9.117000
-4.597000
-5.669000
-12.182000
-7.048000
-3.907000
-5.056000
-4.290000
-4.673000
-3.830000
-7.585000
-5.669000
-6.129000
-4.520000
-7.968000
-8.198000
-7.202000
-7.278000
-7.585000
-7.048000
-7.125000
-7.125000
-8.734000
-10.419000
-6.282000
-9.960000
-3.141000
-7.278000
-3.907000
-6.359000
-2.528000
-4.826000
-6.435000
-8.734000
-2.988000
-4.060000
-7.202000
-4.520000
-2.145000
-5.439000
-4.213000
-4.980000
-7.661000
-7.585000
-5.899000
-7.585000
-7.585000
-7.508000
-8.351000
-7.814000
-10.343000
-5.976000
-11.952000
-12.258000
-10.803000
-5.286000
-3.217000
-2.988000
-12.488000
-10.113000
-9.960000
-13.944000
-9.194000
-8.198000
-10.036000
-7.738000
-9.423000
-9.423000
-4.673000
-9.117000
-9.117000
-9.040000
-8.964000
-8.964000
-8.964000
-8.810000
-6.512000
-8.657000
-8.581000
-8.657000
-8.581000
-8.657000
-8.581000
-8.504000
-8.657000
-8.581000
-8.657000
-8.581000
-8.657000
-8.657000
-8.657000
-8.657000
-8.657000
-8.581000
-8.581000
-8.581000
-8.657000
-8.581000
-8.657000
-8.581000
-8.581000
-8.657000
-8.657000
-8.964000
-8.274000
-9.040000
-9.117000
-9.040000
-9.117000
-8.657000
-8.581000
-8.657000
-8.427000
-8.581000
-8.581000
-8.581000
-8.504000
-8.581000
-8.581000
-8.581000
-8.427000
-8.657000
-8.657000
-8.504000
-8.657000
-8.504000
-8.504000
-8.504000
-8.657000
-8.657000
-8.581000
-8.581000
-8.504000
-8.504000
-8.581000
-8.810000
-9.347000
-8.427000
-11.415000
-8.657000
-6.282000
-3.601000
-11.875000
-10.803000
-9.117000
-8.504000
-8.581000
-9.960000
-14.557000
-6.435000
-12.028000
-8.887000
-14.250000
-15.016000
-9.347000
-12.565000
-8.427000
-8.427000
-8.504000
-8.657000
-6.972000
-4.520000
-8.274000
-11.569000
-6.665000
-7.891000
-14.250000
-5.669000
-3.601000
-6.512000
-6.742000
-7.278000
-6.205000
-9.040000
-3.217000
-4.903000
-5.746000
-5.363000
-4.520000
-4.443000
-5.822000
-1.532000
-6.205000
-7.125000
-1.532000
-6.818000
-11.492000
-9.194000
-6.205000
-2.298000
-9.117000
-16.472000
-2.834000
-7.508000
-6.589000