104.116217
104.116182
104.116117
104.116093
104.116067
104.116060
104.116182
104.116175
104.116182
104.116182
104.116093
104.116122
104.115795
104.115768
104.115655
104.115643
104.115260
104.115245
104.115210
104.115197
104.114862
104.114853
104.114690
104.114670
104.114495
104.114473
104.114525
104.114520
104.114592
104.114565
104.114712
104.114703
104.114350
104.114348
104.114370
104.114410
104.114158
104.114133
104.113857
104.113863
104.113605
104.113607
104.113560
104.113525
104.113257
104.113242
104.113017
104.113010
104.112765
104.112735
104.112367
104.112355
104.112750
104.112753
104.112707
104.112692
104.113062
104.113010
104.112763
104.112648
104.112532
104.112500
104.112300
104.112290
104.111938
104.111890
104.111225
104.111197
104.110947
104.110893
104.110408
104.110388
104.110065
104.110042
104.109480
104.109415
104.109188
104.109122
104.108947
104.108837
104.108837
104.108807
104.108798
104.108785
104.108783
104.108877
104.108857
104.108888
104.108858
104.108858
104.108848
104.108943
104.108923
104.108838
104.108832
104.108792
104.108782
104.108778
104.108752
104.108680
104.108675
104.108795
104.108793
104.108750
104.108748
104.108743
104.108745
104.108693
104.108703
104.108790
104.108788
104.108718
104.108720
104.108700
104.108680
104.108690
104.108652
104.108750
104.108742
104.108662
104.108672
104.108770
104.108793
104.108622
104.108647
104.108802
104.108797
104.108828
104.108818
104.108798
104.108812
104.108945
104.108955
104.108767
104.108758
104.108965
104.108953
104.109012
104.108997
104.108918
104.108777
104.108782
104.108938
104.108917
104.108798
104.108803
104.108645
104.108680
104.109325
104.109350
104.109255
104.109292
104.109757
104.109802
104.110273
104.110273
104.110365
104.110420
104.110785
104.110873
104.113160
104.113185
104.113463
104.113495
104.113565
104.113540
104.113668
104.113777
104.113748
104.113757
104.113875
104.113922
104.114343
104.114405
104.114957
104.115012
104.115490
104.115577
104.116302
104.116395
104.116947
104.117018
104.117617
104.117692
104.118295
104.118353
104.118873
104.118903
104.119013
104.119015
104.118890
104.118890
104.118815
104.118788
104.118765
104.118788
104.118463
104.118422
104.117990
104.117953
104.117607
104.117547
104.117028
104.116988
104.116563