30.684232
30.684277
30.684332
30.684330
30.684375
30.684338
30.684455
30.684435
30.684435
30.684440
30.684428
30.684530
30.684600
30.684608
30.684838
30.684830
30.685133
30.685120
30.685455
30.685400
30.685265
30.685262
30.685472
30.685475
30.685548
30.685580
30.685817
30.685808
30.685625
30.685603
30.685458
30.685438
30.685533
30.685543
30.685882
30.685985
30.686023
30.686058
30.686308
30.686327
30.686378
30.686375
30.686623
30.686643
30.686658
30.686690
30.686992
30.687003
30.687058
30.687100
30.687183
30.687192
30.687408
30.687410
30.687385
30.687373
30.687748
30.687720
30.687398
30.687315
30.687388
30.687433
30.687613
30.687687
30.688040
30.688062
30.688032
30.688088
30.688462
30.688453
30.688078
30.688047
30.687752
30.687723
30.687223
30.687140
30.686838
30.686817
30.686712
30.686530
30.686530
30.686432
30.686455
30.686577
30.686572
30.686532
30.686527
30.686515
30.686527
30.686625
30.686615
30.686453
30.686465
30.686628
30.686620
30.686585
30.686577
30.686458
30.686522
30.686633
30.686652
30.686593
30.686587
30.686557
30.686565
30.686530
30.686532
30.686635
30.686618
30.686585
30.686580
30.686617
30.686602
30.686595
30.686585
30.686498
30.686457
30.686527
30.686527
30.686648
30.686653
30.686478
30.686513
30.686433
30.686437
30.686548
30.686547
30.686568
30.686577
30.686577
30.686580
30.686645
30.686653
30.686607
30.686588
30.686565
30.686562
30.686695
30.686693
30.686642
30.686565
30.686578
30.686607
30.686585
30.686583
30.686583
30.686448
30.686452
30.686653
30.686645
30.685995
30.685990
30.685420
30.685388
30.685158
30.685090
30.684287
30.684258
30.683780
30.683745
30.680978
30.680948
30.680700
30.680622
30.680082
30.680028
30.679830
30.679803
30.679667
30.679682
30.679965
30.680005
30.680225
30.680240
30.680268
30.680293
30.680427
30.680432
30.680720
30.680762
30.680775
30.680832
30.681148
30.681178
30.681352
30.681387
30.681533
30.681550
30.681630
30.681628
30.681492
30.681508
30.681842
30.681895
30.682363
30.682417
30.682708
30.682740
30.683158
30.683215
30.683605
30.683652
30.683873
30.683932
30.684182