4.597000
6.052000
2.375000
-5.899000
-5.899000
-5.746000
-5.822000
-5.746000
-5.822000
-5.746000
-5.822000
-5.899000
-5.746000
-5.746000
-5.746000
-5.746000
-5.822000
-5.669000
-5.746000
-4.980000
-4.750000
-4.903000
-4.903000
-4.750000
-5.056000
-4.826000
-4.903000
-4.826000
-4.826000
-4.903000
-4.903000
-4.903000
-4.903000
-4.826000
-4.826000
-4.903000
-4.903000
-4.903000
-4.826000
-4.826000
-4.903000
-4.826000
-4.903000
-4.903000
-4.826000
-4.903000
-4.826000
-4.903000
-4.826000
-4.826000
-4.750000
-4.903000
-4.903000
-4.826000
-4.750000
-4.903000
-4.980000
-4.826000
-4.826000
-4.826000
-4.826000
-4.903000
-4.826000
-4.903000
-4.980000
-4.826000
-4.980000
-4.826000
-4.980000
-4.826000
-4.750000
-4.903000
-4.903000
-4.750000
-4.826000
-4.826000
-4.750000
-4.826000
-4.750000