1.762000
1.302000
0.842000
0.383000
0.459000
0.459000
0.459000
0.459000
0.383000
0.536000
0.459000
0.459000
0.536000
0.459000
0.536000
0.383000
0.383000
0.383000
0.536000
0.076000
0.076000
-0.076000
0.153000
0.000000
0.076000
0.000000
0.000000
0.076000
0.076000
0.076000
0.153000
0.000000
0.000000
0.153000
0.000000
0.000000
0.076000
0.076000
0.000000
-0.076000
0.076000
0.076000
0.076000
0.076000
0.076000
0.076000
0.076000
0.000000
0.076000
0.000000
0.076000
0.000000
0.000000
0.076000
0.000000
0.000000
0.076000
-0.076000
0.076000
-0.076000
-0.076000
0.000000
-0.076000
0.000000
-0.076000
-0.153000
0.076000
-0.076000
0.000000
0.000000
-0.076000
0.000000
0.000000
0.000000
-0.076000
0.076000
0.076000
-0.076000
0.000000