-4.673000
-3.217000
-3.064000
-7.125000
-7.125000
-7.278000
-7.202000
-7.202000
-7.202000
-7.202000
-7.125000
-7.202000
-7.125000
-7.125000
-7.125000
-7.202000
-7.125000
-7.202000
-7.202000
-7.738000
-7.814000
-7.814000
-7.814000
-7.814000
-7.814000
-7.814000
-7.814000
-7.738000
-7.814000
-7.814000
-7.738000
-7.738000
-7.738000
-7.814000
-7.814000
-7.968000
-7.814000
-7.738000
-7.814000
-7.891000
-7.738000
-7.814000
-7.891000
-7.891000
-7.891000
-7.891000
-7.814000
-7.814000
-7.814000
-7.814000
-7.738000
-7.814000
-7.814000
-7.891000
-7.738000
-7.661000
-7.891000
-7.738000
-7.814000
-7.814000
-7.814000
-7.814000
-7.891000
-7.814000
-7.814000
-7.738000
-7.738000
-7.738000
-7.814000
-7.891000
-7.814000
-7.814000
-7.661000
-7.968000
-7.738000
-7.891000
-7.891000
-7.814000
-7.738000