104.117793
104.117793
104.117803
104.116908
104.116973
104.117460
104.117417
104.115892
104.115923
104.116613
104.116628
104.116768
104.116760
104.116353
104.116328
104.116388
104.116383
104.116280
104.116293
104.116338
104.116353
104.116238
104.116240
104.116268
104.116280
104.116305
104.116318
104.116163
104.116170
104.116485
104.116487
104.116415
104.116410
104.116430
104.116445
104.116275
104.116278
104.116367
104.116413
104.116315
104.116312
104.116637
104.116600
104.116493
104.116498
104.116587
104.116513
104.116583
104.116593
104.116363
104.116367
104.116410
104.116407
104.116383
104.116380
104.116405
104.116413
104.116215
104.116217
104.116220
104.116237
104.116265
104.116275
104.116275
104.116438
104.116425
104.116418
104.116387
104.116372
104.116422
104.116415
104.116398
104.116400
104.116398
104.116380
104.116468
104.116455
104.116382
104.116377