30.682753
30.682753
30.682782
30.683633
30.683603
30.683917
30.683920
30.684463
30.684420
30.684373
30.684323
30.684227
30.684200
30.684547
30.684458
30.684497
30.684475
30.684625
30.684582
30.684533
30.684528
30.684497
30.684473
30.684522
30.684510
30.684623
30.684590
30.684517
30.684458
30.684783
30.684750
30.684562
30.684538
30.684470
30.684477
30.684358
30.684345
30.684453
30.684500
30.684550
30.684480
30.684805
30.684752
30.684758
30.684740
30.684600
30.684562
30.684597
30.684585
30.685025
30.685047
30.684943
30.684905
30.684847
30.684837
30.684857
30.684827
30.684473
30.684470
30.684475
30.684502
30.684540
30.684547
30.684545
30.684648
30.684617
30.684578
30.684552
30.684487
30.684418
30.684398
30.684388
30.684388
30.684405
30.684410
30.684857
30.684822
30.684552
30.684548