104.060600
104.060588
104.060582
104.060570
104.060563
104.060557
104.060550
104.060538
104.060528
104.060523
104.060517
104.060515
104.060515
104.060515
104.060515
104.060515
104.060515
104.060515
104.060515
104.060515
104.060515
104.060515
104.060515
104.060515
104.060515
104.060515
104.060525
104.060525
104.060515
104.060513
104.060513
104.060513
104.060513
104.060513
104.060513
104.060513
104.060513
104.060543
104.060565
104.060672
104.061045
104.061063
104.061152
104.061152
104.061152
104.061152
104.061152
104.061152
104.061152
104.061152
104.061152
104.061152
104.061102
104.061102
104.061102
104.061102
104.061102
104.061073
104.061072
104.061067
104.061062
104.061057
104.061047
104.061037
104.061030
104.061018
104.061018
104.061007
104.060995
104.060995
104.060987
104.060982
104.060930
104.060927
104.060928
104.060937
104.060945
104.061147
104.061152
104.061132
104.061117
104.061223
104.061238
104.061242
104.061248
104.061257
104.061303
104.061300
104.061300
104.061300
104.061300
104.061300
104.061300
104.061300
104.061300
104.061300
104.061300
104.061300
104.061303
104.061303
104.061303
104.061303
104.061303
104.061303
104.061303
104.061303
104.061303
104.061303
104.061303
104.061303
104.061308
104.061147
104.061203
104.061248
104.061323
104.061332
104.061332
104.061325
104.061322
104.061317
104.061312
104.061378
104.061368
104.061352
104.059297
104.059308
104.059307
104.059302
104.059307
104.059317
104.059315
104.059343
104.059350
104.059575
104.059535
104.059545
104.059518
104.059518
104.059518
104.059518
104.059518
104.059518
104.059518
104.059518
104.059518
104.059518
104.059518
104.059458
104.059342
104.059343
104.059630
104.059620
104.059612
104.059610
104.059617
104.059618
104.059603
104.058368
104.058370
104.058350
104.058338
104.058333
104.058355
104.058382
104.058398
104.058422
104.058485
104.058527
104.058555
104.058597
104.058637
104.058672
104.058808
104.058900
104.058960
104.058977
104.058992
104.059065
104.059115
104.059137
104.059207
104.059263
104.059302
104.059322
104.059323
104.059310
104.059308
104.059307
104.059303
104.059303
104.059312
104.059312
104.059312
104.059312
104.059312
104.059312
104.059312
104.059312
104.059312
104.059312
104.059312
104.059312
104.059312
104.059413
104.059425
104.059617
104.059657
104.059688
104.059727
104.059740
104.059815
104.059842
104.059855
104.059868
104.059882
104.059948
104.060085
104.060103
104.060118
104.060133
104.060137
104.060167
104.060185
104.060203
104.060213
104.060225
104.060227
104.060235
104.060240
104.060267
104.060322
104.060348
104.060397
104.060425
104.060617
104.060618
104.060617