30.549618
30.549618
30.549612
30.549605
30.549590
30.549577
30.549562
30.549548
30.549538
30.549532
30.549522
30.549515
30.549515
30.549515
30.549515
30.549515
30.549515
30.549515
30.549515
30.549515
30.549515
30.549515
30.549515
30.549515
30.549515
30.549515
30.549422
30.549410
30.549367
30.549355
30.549355
30.549355
30.549355
30.549355
30.549355
30.549355
30.549355
30.549325
30.549305
30.549228
30.549033
30.549027
30.548975
30.548975
30.548975
30.548975
30.548975
30.548975
30.548975
30.548975
30.548975
30.548975
30.549003
30.549003
30.549003
30.549003
30.549003
30.549015
30.549013
30.549012
30.549005
30.549008
30.549000
30.548993
30.548990
30.548993
30.548988
30.548975
30.548968
30.548958
30.548943
30.548923
30.548695
30.548682
30.548670
30.548652
30.548638
30.548293
30.548287
30.548295
30.548312
30.547977
30.547953
30.547940
30.547930
30.547917
30.547735
30.547733
30.547733
30.547733
30.547733
30.547733
30.547733
30.547733
30.547733
30.547733
30.547733
30.547733
30.547715
30.547715
30.547715
30.547715
30.547715
30.547715
30.547715
30.547715
30.547715
30.547715
30.547715
30.547715
30.547723
30.547137
30.547207
30.547202
30.547233
30.547232
30.547232
30.547233
30.547230
30.547230
30.547223
30.547192
30.547188
30.547183
30.547822
30.547823
30.547827
30.547818
30.547805
30.547790
30.547790
30.547782
30.547790
30.547883
30.547798
30.547807
30.547995
30.547995
30.547995
30.547995
30.547995
30.547995
30.547995
30.547995
30.547995
30.547995
30.547995
30.547937
30.548030
30.548030
30.548877
30.548895
30.548918
30.548928
30.548940
30.548947
30.548952
30.549733
30.549743
30.549735
30.549718
30.549713
30.549700
30.549693
30.549697
30.549698
30.549712
30.549700
30.549700
30.549703
30.549697
30.549685
30.549638
30.549610
30.549630
30.549628
30.549632
30.549617
30.549617
30.549605
30.549642
30.549742
30.549773
30.549820
30.549845
30.549737
30.549722
30.549710
30.549697
30.549697
30.549580
30.549580
30.549580
30.549580
30.549580
30.549580
30.549580
30.549580
30.549580
30.549580
30.549580
30.549580
30.549580
30.549432
30.549415
30.549350
30.549298
30.549273
30.549250
30.549233
30.549190
30.549188
30.549193
30.549177
30.549163
30.549113
30.548935
30.548928
30.548880
30.548855
30.548817
30.548842
30.548865
30.548868
30.548863
30.548838
30.548838
30.548835
30.548818
30.548795
30.548802
30.548790
30.548780
30.548775
30.548932
30.548903
30.548882