104.059667
104.059142
104.059617
104.059797
104.059813
104.059882
104.059883
104.059907
104.059920
104.060008
104.060010
104.060007
104.060003
104.060042
104.060095
104.060107
104.060110
104.060133
104.060050
104.060042
104.060025
104.059945
104.059945
104.060002
104.060057
104.060078
104.060068
104.060127
104.060205
104.060237
104.060247
104.060252
104.060347
104.060347
104.060413
104.060433
104.060452
104.060447
104.060428
104.060462
104.060430
104.060485
104.060513
104.060540
104.060622
104.060653
104.060663
104.060697
104.060722
104.060748
104.060762
104.060778
104.060820
104.060837
104.060850
104.060887
104.060895
104.060897
104.060898
104.060900
104.060910
104.060900
104.060903
104.060905
104.060905
104.060905
104.060905
104.060905
104.060905
104.060905
104.060905
104.060905
104.060905
104.060905
104.060905
104.060905
104.060905
104.060905
104.060905
104.060905
104.060905
104.060905
104.060905
104.060905
104.060905
104.060905
104.060905
104.060905
104.060905
104.060905
104.060905
104.060905
104.060905
104.060905
104.060905
104.060905
104.060905
104.060905
104.060905
104.060905
104.060905
104.060905
104.060905
104.060905
104.060905
104.060905
104.060905
104.060905
104.060905
104.060905
104.060905
104.060905
104.060905
104.060905
104.060905
104.060905
104.060905
104.060905
104.060905
104.060905
104.060905
104.060905
104.060905
104.060905
104.060905
104.060905
104.060905
104.060905
104.060905
104.060905
104.060912
104.060917
104.060942
104.060947
104.060850
104.060832
104.060765
104.060693
104.061268
104.061283
104.061303
104.061312
104.061325
104.061320
104.061325
104.061325
104.061323
104.061323
104.061323
104.061323
104.061323
104.061323
104.061323
104.061323
104.061323
104.061323
104.061323
104.061323
104.061323
104.061323
104.061323
104.061323
104.061323
104.061323
104.061323
104.061323
104.061323
104.061323
104.061323
104.061323
104.061323
104.061323
104.061323
104.061323
104.061323
104.061323
104.061323
104.061323
104.061323
104.061323
104.061323
104.061323
104.061323
104.061323
104.061323
104.061323
104.061323
104.061323
104.061323
104.061323
104.061323
104.061323
104.061323
104.061323
104.061323
104.061323
104.061323
104.061323
104.061323
104.061323
104.061323
104.061323
104.061323
104.061323
104.061323
104.061323
104.061323
104.061323
104.061323
104.061323
104.061323
104.061323
104.061323
104.061323
104.061323
104.061323
104.061323
104.061323
104.061323
104.061323
104.061323
104.061323
104.061323
104.061323
104.061323
104.061323
104.061323
104.061323
104.061323
104.061323
104.061323
104.061323
104.061323
104.061323
104.061323
104.061323
104.061323
104.061323
104.061323
104.061323
104.061323
104.061323
104.061323
104.061323
104.061323
104.061323
104.061323
104.061323
104.061323
104.061323
104.061323
104.061323
104.061323
104.061323
104.061323
104.061323
104.061323
104.061323
104.061323
104.061323
104.061323
104.061323
104.061323
104.061323
104.061323
104.061323
104.061323
104.061323
104.061323
104.061323
104.061323
104.061323
104.061323
104.061323
104.061323
104.061323
104.061323
104.061323
104.061323
104.061323
104.061323
104.061323
104.061323
104.061323
104.061323
104.061323
104.061323
104.061323
104.061323
104.061323
104.061323
104.061323
104.061323
104.061323
104.061323
104.061323
104.061323
104.061323
104.061323
104.061323
104.061323
104.061323
104.061323
104.061323
104.061323
104.061323
104.061323
104.061323
104.061323
104.061323
104.061323
104.061323
104.061323
104.061323
104.061323
104.061323
104.061323
104.061323
104.061323
104.061323
104.061323
104.061323
104.061323
104.061323
104.061323
104.061323
104.061323
104.061323
104.061323
104.061323
104.061323
104.061323
104.061323
104.061323
104.061323
104.061323
104.061323
104.061323
104.061323
104.061323
104.061323
104.061323
104.061323
104.061323
104.061323
104.061323
104.061323
104.061323
104.061323
104.061323
104.061323
104.061323
104.061323
104.061323
104.061323
104.061323
104.061323
104.061323
104.061323
104.061323
104.061323
104.061323
104.061323
104.061323
104.061323
104.061323
104.061323
104.061323
104.061323
104.061323
104.061323
104.061323
104.061323
104.061323
104.061323
104.061323
104.061323
104.061323
104.061323
104.061323
104.061323
104.061323
104.061323
104.061323
104.061323
104.061323
104.061323
104.061323
104.061323
104.061323
104.061323
104.061323
104.061323
104.061323
104.061323
104.061323
104.061323
104.061323
104.061323
104.061323
104.061323
104.061323
104.061323
104.061323
104.061323
104.061323
104.061323
104.061323
104.061323
104.061323
104.061323
104.061323
104.061323
104.061323
104.061323
104.061323
104.061323
104.061323
104.061323
104.061323
104.061323
104.061323
104.061323
104.061323
104.061323
104.061323
104.061323
104.061323
104.061323
104.061323
104.061323
104.061323
104.061323
104.061323
104.061323
104.061323
104.061323
104.061323
104.061323
104.061323
104.061323
104.061323
104.061323
104.061323
104.061323
104.061323
104.061323
104.061323
104.061323
104.061323
104.061323
104.061323
104.061323
104.061323
104.061323
104.061323
104.061323
104.061323
104.061323
104.061323
104.061323
104.061323
104.061323
104.061323
104.061323
104.061323
104.061323
104.061323
104.061323
104.061323
104.061323
104.061323
104.061323
104.061323
104.061323
104.061323
104.061323
104.061323
104.061323
104.061323
104.061323
104.061323
104.061323
104.061323
104.061323
104.061323
104.061323
104.061323
104.061323
104.061323
104.061323
104.061323
104.061323
104.061323
104.061323
104.061323
104.061323
104.061323
104.061323
104.061323
104.061323
104.061323
104.061323
104.061323
104.061323
104.061323
104.061323
104.061323
104.061323
104.061323
104.061323
104.061323
104.061323
104.061323
104.061323
104.061323
104.061323
104.061323
104.061323
104.061323
104.061323
104.061323
104.061323
104.061323
104.061323
104.061323
104.061323
104.061323
104.061323
104.061323
104.061323
104.061323
104.061323
104.061323
104.061323
104.061323
104.061323
104.061323
104.061323
104.061323
104.061323
104.061323
104.061323
104.061323
104.061323
104.061323
104.061323
104.061323
104.061323
104.061323
104.061323
104.061323
104.061323
104.061323
104.061323
104.061323
104.061323
104.061323
104.061323
104.061323
104.061323
104.061323
104.061323
104.061323
104.061323
104.061323
104.061323
104.061323
104.061323
104.061323
104.061323
104.061323
104.061323
104.061323
104.061323
104.061323
104.061323
104.061323
104.061323
104.061323
104.061323
104.061323
104.061323
104.061323
104.061323
104.061323
104.061323
104.061323
104.061323
104.061323
104.061323
104.061323
104.061323
104.061323
104.061323
104.061323
104.061323
104.061323
104.061323
104.061323
104.061323
104.061323
104.061323
104.061323
104.061323
104.061323
104.061323
104.061323
104.061323
104.061323
104.061323
104.061323
104.061323
104.061323
104.061323
104.061323
104.061323
104.061323
104.061323
104.061323
104.061323
104.061323
104.061323
104.061323
104.061323
104.061323
104.061323
104.061323
104.061323
104.061323
104.061323
104.061323
104.061323
104.061323
104.061323
104.061323
104.061323
104.061323
104.061323
104.061323
104.061323
104.061323
104.061323
104.061323
104.061323
104.061323
104.061323
104.061323
104.061323
104.061323
104.061323
104.061323
104.061323
104.061323
104.061323
104.061323
104.061323
104.061323
104.061323
104.061323
104.061323
104.061323
104.061323
104.061323
104.061323
104.061323
104.061323
104.061323
104.061323
104.061323
104.061323
104.061323
104.061323
104.061323
104.061323
104.061323
104.061323
104.061323
104.061323
104.061323
104.061323
104.061323
104.061323
104.061323
104.061323
104.061323
104.061323
104.061323
104.061323
104.061323
104.061287
104.061287
104.061287
104.061287
104.061287
104.061287
104.061287
104.061287
104.061287
104.061287
104.061287
104.061287
104.061287
104.061287
104.061287
104.061287
104.061287
104.061287
104.061287
104.061287
104.061287
104.061287
104.061287
104.061287
104.061287
104.061287
104.061287
104.061287
104.061287
104.061287
104.061287
104.061287
104.061287
104.061287
104.061287
104.061287
104.061287
104.061287
104.061287
104.061287
104.061287
104.061287
104.061287
104.061287
104.061287
104.061287
104.061287
104.061287
104.061287
104.061287
104.061287
104.061287
104.061287
104.061287
104.061287
104.061287
104.061287
104.061287
104.061287
104.061287
104.061287
104.061287
104.061287
104.061287
104.061287
104.061287
104.061287
104.061287
104.061287
104.061287
104.061287
104.061287
104.061287
104.061287
104.061287
104.061287
104.061287
104.061287
104.061287
104.061287
104.061287
104.061287
104.061287
104.061287
104.061287
104.061287
104.061287
104.061287
104.061287
104.061287
104.061287
104.061287
104.061287
104.061287
104.061287
104.061287
104.061287
104.061287
104.061287
104.061287
104.061290
104.061298
104.061298
104.061297
104.061295
104.061295
104.061283
104.061280
104.061275
104.061267
104.061275
104.061275
104.061277
104.061273
104.061275
104.061280
104.061280
104.061278
104.061277
104.061277
104.061277
104.061282
104.061283
104.061290
104.061290
104.061295
104.061300
104.061307
104.061312
104.061320
104.061323
104.061323
104.061323
104.061320
104.061322
104.061320
104.061320
104.061313
104.061303
104.061288
104.061272
104.061245
104.061237
104.061227
104.061217
104.061190
104.061177
104.061162
104.061153
104.061135
104.061122
104.061108
104.061100
104.061075
104.061062
104.061048
104.061033
104.061005
104.060993
104.060982
104.060965
104.060932
104.060912
104.060898
104.060888
104.060863
104.060852
104.060843
104.060837
104.060795
104.060783
104.060768
104.060707
104.060697
104.060685
104.060638
104.060625
104.060612
104.060558
104.060545
104.060535
104.060493
104.060478
104.060457
104.060427
104.060407
104.060392
104.060342
104.060325
104.060307
104.060252
104.060228
104.060213
104.060178
104.060153
104.060143
104.060110
104.060087
104.060068
104.060010
104.059995
104.059983
104.059948
104.059937
104.059925
104.059898
104.059895
104.059887
104.059850
104.059837
104.059830
104.059793
104.059777
104.059763
104.059737
104.059722
104.059707
104.059663
104.059648
104.059633
104.059585
104.059563
104.059540
104.059490
104.059473
104.059457
104.059415
104.059397
104.059375
104.059308
104.059288
104.059262
104.059195
104.059172
104.059162
104.059155
104.059148
104.059143
104.059145
104.059152
104.059197
104.059212
104.059223
104.059225
104.059222
104.059215
104.059195
104.059190
104.059188
104.059155
104.059153
104.059150
104.059142
104.059142
104.059135
104.059158
104.059162
104.059160
104.059153
104.059157
104.059155
104.059140
104.059137
104.059117
104.059118
104.059117
104.059117
104.059118
104.059118
104.059118
104.059118
104.059118
104.059118
104.059118
104.059118
104.059118
104.059118
104.059118
104.059118
104.059118
104.059118
104.059118
104.059118
104.059118
104.059118
104.059118
104.059118
104.059118
104.059118
104.059118
104.059118
104.059118
104.059118
104.059118
104.059118
104.059118
104.059118
104.059118
104.059118
104.059118
104.059118
104.059118
104.059118
104.059122
104.059120
104.059093
104.059092
104.059087
104.059085
104.059090
104.059092
104.059098
104.059102
104.059117
104.059115
104.059115
104.059130
104.059137
104.059145
104.059158
104.059202
104.059300
104.059343
104.059458
104.059498
104.059573
104.059512
104.059438
104.059382
104.059305
104.059183
104.059093
104.058987
104.058972
104.058958
104.058943
104.058932
104.058925
104.058912
104.058910
104.058917
104.058917
104.058920
104.058930
104.058968
104.059010
104.059072
104.059080
104.059083
104.059083
104.059083
104.059080
104.059080
104.059080
104.059080
104.059080
104.059080
104.059080
104.059080
104.059080
104.059080
104.059080
104.059080
104.059103
104.059103
104.059103
104.059103
104.059103
104.059103
104.059103
104.059103
104.059103
104.059103
104.059103
104.059103
104.059103
104.059103
104.059103
104.059118
104.059123
104.059128
104.059133
104.059142
104.059165
104.059175
104.059185
104.059193
104.059213
104.059222
104.059228
104.059240
104.059265
104.059277
104.059288
104.059310
104.059327
104.059413
104.059423
104.059432
104.059442
104.059455
104.059550
104.059573
104.059598
104.059617
104.059648
104.059772
104.059788
104.059802
104.059820
104.059835
104.059897
104.059902
104.059905
104.059915
104.059925
104.060005
104.060018
104.060037
104.060055
104.060070
104.060157