30.547452
30.548183
30.550048
30.550220
30.550275
30.550407
30.550257
30.550222
30.550240
30.550248
30.550245
30.550250
30.550270
30.550223
30.550213
30.550217
30.550080
30.550057
30.550222
30.550207
30.550192
30.550118
30.550118
30.549938
30.549918
30.549868
30.549820
30.549763
30.549650
30.549627
30.549608
30.549593
30.549518
30.549502
30.549472
30.549452
30.549382
30.549332
30.549215
30.549208
30.549165
30.549137
30.549093
30.549088
30.549082
30.549083
30.549037
30.549030
30.549003
30.548983
30.548952
30.548915
30.548840
30.548817
30.548798
30.548765
30.548748
30.548733
30.548733
30.548725
30.548722
30.548723
30.548722
30.548723
30.548723
30.548723
30.548723
30.548723
30.548723
30.548723
30.548723
30.548723
30.548723
30.548723
30.548723
30.548723
30.548723
30.548723
30.548723
30.548723
30.548723
30.548723
30.548723
30.548723
30.548723
30.548723
30.548723
30.548723
30.548723
30.548723
30.548723
30.548723
30.548723
30.548723
30.548723
30.548723
30.548723
30.548723
30.548723
30.548723
30.548723
30.548723
30.548723
30.548723
30.548723
30.548723
30.548723
30.548723
30.548723
30.548723
30.548723
30.548723
30.548723
30.548723
30.548723
30.548723
30.548723
30.548723
30.548723
30.548723
30.548723
30.548723
30.548723
30.548723
30.548723
30.548723
30.548723
30.548723
30.548723
30.548723
30.548697
30.548690
30.548635
30.548625
30.548593
30.548580
30.548475
30.548473
30.547760
30.547752
30.547742
30.547745
30.547763
30.547788
30.547765
30.547765
30.547760
30.547760
30.547760
30.547760
30.547760
30.547760
30.547760
30.547760
30.547760
30.547760
30.547760
30.547760
30.547760
30.547760
30.547760
30.547760
30.547760
30.547760
30.547760
30.547760
30.547760
30.547760
30.547760
30.547760
30.547760
30.547760
30.547760
30.547760
30.547760
30.547760
30.547760
30.547760
30.547760
30.547760
30.547760
30.547760
30.547760
30.547760
30.547760
30.547760
30.547760
30.547760
30.547760
30.547760
30.547760
30.547760
30.547760
30.547760
30.547760
30.547760
30.547760
30.547760
30.547760
30.547760
30.547760
30.547760
30.547760
30.547760
30.547760
30.547760
30.547760
30.547760
30.547760
30.547760
30.547760
30.547760
30.547760
30.547760
30.547760
30.547760
30.547760
30.547760
30.547760
30.547760
30.547760
30.547760
30.547760
30.547760
30.547760
30.547760
30.547760
30.547760
30.547760
30.547760
30.547760
30.547760
30.547760
30.547760
30.547760
30.547760
30.547760
30.547760
30.547760
30.547760
30.547760
30.547760
30.547760
30.547760
30.547760
30.547760
30.547760
30.547760
30.547760
30.547760
30.547760
30.547760
30.547760
30.547760
30.547760
30.547760
30.547760
30.547760
30.547760
30.547760
30.547760
30.547760
30.547760
30.547760
30.547760
30.547760
30.547760
30.547760
30.547760
30.547760
30.547760
30.547760
30.547760
30.547760
30.547760
30.547760
30.547760
30.547760
30.547760
30.547760
30.547760
30.547760
30.547760
30.547760
30.547760
30.547760
30.547760
30.547760
30.547760
30.547760
30.547760
30.547760
30.547760
30.547760
30.547760
30.547760
30.547760
30.547760
30.547760
30.547760
30.547760
30.547760
30.547760
30.547760
30.547760
30.547760
30.547760
30.547760
30.547760
30.547760
30.547760
30.547760
30.547760
30.547760
30.547760
30.547760
30.547760
30.547760
30.547760
30.547760
30.547760
30.547760
30.547760
30.547760
30.547760
30.547760
30.547760
30.547760
30.547760
30.547760
30.547760
30.547760
30.547760
30.547760
30.547760
30.547760
30.547760
30.547760
30.547760
30.547760
30.547760
30.547760
30.547760
30.547760
30.547760
30.547760
30.547760
30.547760
30.547760
30.547760
30.547760
30.547760
30.547760
30.547760
30.547760
30.547760
30.547760
30.547760
30.547760
30.547760
30.547760
30.547760
30.547760
30.547760
30.547760
30.547760
30.547760
30.547760
30.547760
30.547760
30.547760
30.547760
30.547760
30.547760
30.547760
30.547760
30.547760
30.547760
30.547760
30.547760
30.547760
30.547760
30.547760
30.547760
30.547760
30.547760
30.547760
30.547760
30.547760
30.547760
30.547760
30.547760
30.547760
30.547760
30.547760
30.547760
30.547760
30.547760
30.547760
30.547760
30.547760
30.547760
30.547760
30.547760
30.547760
30.547760
30.547760
30.547760
30.547760
30.547760
30.547760
30.547760
30.547760
30.547760
30.547760
30.547760
30.547760
30.547760
30.547760
30.547760
30.547760
30.547760
30.547760
30.547760
30.547760
30.547760
30.547760
30.547760
30.547760
30.547760
30.547760
30.547760
30.547760
30.547760
30.547760
30.547760
30.547760
30.547760
30.547760
30.547760
30.547760
30.547760
30.547760
30.547760
30.547760
30.547760
30.547760
30.547760
30.547760
30.547760
30.547760
30.547760
30.547760
30.547760
30.547760
30.547760
30.547760
30.547760
30.547760
30.547760
30.547760
30.547760
30.547760
30.547760
30.547760
30.547760
30.547760
30.547760
30.547760
30.547760
30.547760
30.547760
30.547760
30.547760
30.547760
30.547760
30.547760
30.547760
30.547760
30.547760
30.547760
30.547760
30.547760
30.547760
30.547760
30.547760
30.547760
30.547760
30.547760
30.547760
30.547760
30.547760
30.547760
30.547760
30.547760
30.547760
30.547760
30.547760
30.547760
30.547760
30.547760
30.547760
30.547760
30.547760
30.547760
30.547760
30.547760
30.547760
30.547760
30.547760
30.547760
30.547760
30.547760
30.547760
30.547760
30.547760
30.547760
30.547760
30.547760
30.547760
30.547760
30.547760
30.547760
30.547760
30.547760
30.547760
30.547760
30.547760
30.547760
30.547760
30.547760
30.547760
30.547760
30.547760
30.547760
30.547760
30.547760
30.547760
30.547760
30.547760
30.547760
30.547760
30.547760
30.547760
30.547760
30.547760
30.547760
30.547760
30.547760
30.547760
30.547760
30.547760
30.547760
30.547760
30.547760
30.547760
30.547760
30.547760
30.547760
30.547760
30.547760
30.547760
30.547760
30.547760
30.547760
30.547760
30.547760
30.547760
30.547760
30.547760
30.547760
30.547760
30.547760
30.547760
30.547760
30.547760
30.547760
30.547760
30.547760
30.547760
30.547760
30.547760
30.547760
30.547760
30.547760
30.547760
30.547760
30.547760
30.547760
30.547760
30.547760
30.547760
30.547760
30.547760
30.547760
30.547760
30.547760
30.547760
30.547760
30.547760
30.547760
30.547760
30.547760
30.547760
30.547760
30.547760
30.547760
30.547760
30.547760
30.547760
30.547760
30.547760
30.547760
30.547760
30.547760
30.547760
30.547760
30.547760
30.547760
30.547760
30.547760
30.547760
30.547760
30.547760
30.547760
30.547760
30.547760
30.547760
30.547760
30.547760
30.547760
30.547760
30.547760
30.547760
30.547760
30.547760
30.547760
30.547760
30.547760
30.547760
30.547760
30.547760
30.547760
30.547760
30.547760
30.547760
30.547760
30.547760
30.547760
30.547760
30.547760
30.547760
30.547760
30.547760
30.547760
30.547760
30.547760
30.547760
30.547760
30.547760
30.547760
30.547760
30.547760
30.547760
30.547760
30.547760
30.547760
30.547760
30.547760
30.547760
30.547760
30.547760
30.547760
30.547760
30.547760
30.547760
30.547760
30.547760
30.547760
30.547760
30.547760
30.547760
30.547760
30.547760
30.547760
30.547760
30.547760
30.547760
30.547760
30.547760
30.547750
30.547750
30.547752
30.547752
30.547752
30.547752
30.547752
30.547752
30.547752
30.547752
30.547752
30.547752
30.547752
30.547752
30.547752
30.547752
30.547752
30.547752
30.547752
30.547752
30.547752
30.547752
30.547752
30.547752
30.547752
30.547752
30.547752
30.547752
30.547752
30.547752
30.547752
30.547752
30.547752
30.547752
30.547752
30.547752
30.547752
30.547752
30.547752
30.547752
30.547752
30.547752
30.547752
30.547752
30.547752
30.547752
30.547752
30.547752
30.547752
30.547752
30.547752
30.547752
30.547752
30.547752
30.547752
30.547752
30.547752
30.547752
30.547752
30.547752
30.547752
30.547752
30.547752
30.547752
30.547752
30.547752
30.547752
30.547752
30.547752
30.547752
30.547752
30.547752
30.547752
30.547752
30.547752
30.547752
30.547752
30.547752
30.547752
30.547752
30.547752
30.547752
30.547752
30.547752
30.547752
30.547752
30.547752
30.547752
30.547752
30.547752
30.547752
30.547752
30.547752
30.547752
30.547752
30.547752
30.547752
30.547752
30.547752
30.547752
30.547790
30.547802
30.547793
30.547788
30.547773
30.547773
30.547762
30.547755
30.547747
30.547730
30.547708
30.547692
30.547680
30.547648
30.547637
30.547630
30.547620
30.547603
30.547590
30.547580
30.547568
30.547557
30.547538
30.547542
30.547537
30.547520
30.547508
30.547493
30.547482
30.547453
30.547447
30.547433
30.547425
30.547400
30.547388
30.547373
30.547358
30.547330
30.547320
30.547310
30.547303
30.547295
30.547295
30.547295
30.547292
30.547287
30.547285
30.547278
30.547278
30.547275
30.547273
30.547273
30.547275
30.547278
30.547275
30.547268
30.547257
30.547252
30.547250
30.547247
30.547238
30.547230
30.547218
30.547212
30.547205
30.547192
30.547185
30.547178
30.547172
30.547145
30.547140
30.547132
30.547100
30.547098
30.547095
30.547073
30.547067
30.547055
30.547013
30.547007
30.547008
30.547007
30.546995
30.546983
30.546995
30.546988
30.546988
30.546977
30.546973
30.546980
30.547005
30.547022
30.547035
30.547095
30.547083
30.547097
30.547120
30.547127
30.547138
30.547173
30.547183
30.547192
30.547207
30.547210
30.547213
30.547220
30.547215
30.547217
30.547210
30.547213
30.547205
30.547198
30.547202
30.547208
30.547232
30.547228
30.547232
30.547237
30.547233
30.547230
30.547208
30.547198
30.547183
30.547152
30.547137
30.547128
30.547107
30.547102
30.547092
30.547075
30.547075
30.547070
30.547047
30.547033
30.547033
30.547052
30.547065
30.547065
30.547065
30.547063
30.547045
30.547043
30.547037
30.547007
30.547003
30.547002
30.546993
30.546998
30.547005
30.547010
30.547010
30.547007
30.547018
30.547018
30.547043
30.547188
30.547240
30.547280
30.547362
30.547383
30.547405
30.547470
30.547488
30.547580
30.547598
30.547667
30.547678
30.547715
30.547715
30.547715
30.547715
30.547715
30.547715
30.547715
30.547715
30.547715
30.547715
30.547715
30.547715
30.547715
30.547715
30.547715
30.547715
30.547715
30.547715
30.547715
30.547715
30.547715
30.547715
30.547715
30.547715
30.547715
30.547715
30.547715
30.547715
30.547715
30.547715
30.547715
30.547715
30.547715
30.547715
30.547715
30.547715
30.547780
30.547787
30.547823
30.547842
30.547895
30.547910
30.547977
30.547995
30.548058
30.548077
30.548147
30.548198
30.548210
30.548285
30.548305
30.548370
30.548445
30.548505
30.548602
30.548647
30.548717
30.548765
30.548860
30.548898
30.548933
30.548978
30.549035
30.549073
30.549057
30.549043
30.549040
30.549038
30.549032
30.549028
30.549020
30.548990
30.548987
30.548980
30.548977
30.548978
30.548975
30.548977
30.548988
30.549010
30.549020
30.549025
30.549025
30.549025
30.549032
30.549030
30.549030
30.549030
30.549030
30.549030
30.549030
30.549030
30.549030
30.549030
30.549030
30.549030
30.549035
30.549042
30.549042
30.549042
30.549042
30.549042
30.549042
30.549042
30.549042
30.549042
30.549042
30.549042
30.549042
30.549042
30.549042
30.549058
30.549073
30.549080
30.549083
30.549082
30.549082
30.549083
30.549085
30.549090
30.549085
30.549080
30.549073
30.549072
30.549072
30.549062
30.549068
30.549053
30.549047
30.549010
30.549000
30.548982
30.548948
30.548903
30.548833
30.548832
30.548837
30.548827
30.548830
30.548837
30.548833
30.548825
30.548822
30.548818
30.548815
30.548812
30.548808
30.548810
30.548808
30.548823
30.548825
30.548828
30.548833
30.548837
30.548842