5.439000
5.669000
-4.903000
-4.673000
-4.750000
-4.826000
-4.826000
-4.750000
-4.826000
-4.750000
-4.903000
-4.826000
-4.826000
-4.673000
-4.826000
-4.750000
-4.673000
-4.673000
-4.750000
-4.673000
-4.903000
-4.750000
-4.673000
-4.826000
-4.750000
-4.673000
-4.826000
-4.750000
-4.903000
-4.826000
-4.903000
-4.750000
-4.826000
-4.826000
-4.673000
-4.826000
-4.750000
-4.826000
-4.826000
-4.826000
-4.826000
-4.826000
-4.826000
-4.750000
-4.826000
-4.750000
-4.903000
-4.903000
-4.826000
-4.826000
-4.826000
-4.903000
-4.826000
-4.750000
-4.750000
-4.826000
-4.750000
-4.826000
-4.903000
-4.826000
-4.826000
-4.903000
-4.903000
-4.903000
-4.826000
-4.750000
-4.903000
-4.826000
-4.826000
-4.673000
-4.750000
-4.750000
-4.750000
-4.826000
-4.597000
-4.903000
-4.826000
-4.750000
-4.826000
-4.750000
-4.826000
-4.750000
-4.826000
-4.903000
-4.903000
-4.826000
-4.826000
-4.750000
-4.826000
-4.750000
-4.826000
-4.673000
-4.673000
-4.750000
-4.826000
-4.903000
-4.750000
-4.826000
-4.750000
-4.826000
-4.750000
-4.750000
-4.826000
-4.903000
-4.903000
-4.826000
-4.826000
-4.750000
-4.826000
-4.750000
-4.826000
-4.826000
-4.750000
-4.750000
-4.750000
-4.750000
-4.750000
-4.673000
-4.673000
-4.826000
-4.597000
-4.673000
-4.750000
-4.826000
-4.826000