1.072000
6.742000
0.000000
0.076000
0.000000
0.000000
0.076000
0.000000
-0.076000
0.000000
-0.076000
0.000000
-0.076000
-0.153000
0.000000
-0.076000
0.153000
-0.076000
-0.076000
-0.153000
-0.076000
0.153000
-0.076000
0.000000
0.076000
0.076000
0.076000
-0.076000
0.000000
-0.076000
-0.076000
0.000000
0.153000
0.000000
0.076000
0.076000
0.076000
-0.153000
0.076000
0.153000
0.076000
0.076000
0.000000
0.000000
0.000000
0.000000
0.076000
0.000000
-0.076000
0.000000
0.000000
0.076000
0.000000
-0.076000
-0.076000
0.076000
-0.076000
0.000000
0.076000
0.000000
0.000000
-0.076000
-0.076000
0.000000
0.076000
0.153000
-0.076000
0.000000
0.000000
-0.076000
-0.076000
0.076000
0.000000
0.000000
0.000000
0.076000
0.076000
0.153000
0.076000
0.153000
-0.076000
0.000000
0.000000
-0.076000
0.000000
0.076000
0.000000
-0.153000
-0.076000
0.000000
0.076000
0.076000
0.076000
0.000000
-0.076000
0.153000
0.076000
0.000000
-0.076000
-0.076000
0.000000
-0.076000
-0.153000
0.000000
0.076000
-0.153000
-0.076000
0.000000
-0.076000
-0.076000
0.000000
0.076000
0.000000
0.000000
0.000000
0.000000
-0.076000
0.076000
0.000000
0.000000
-0.076000
0.000000
0.153000
-0.153000
0.000000