-0.459000
-3.141000
-7.891000
-7.814000
-7.814000
-7.891000
-7.738000
-7.891000
-7.891000
-7.891000
-7.814000
-7.891000
-7.891000
-7.814000
-7.814000
-7.891000
-7.814000
-7.814000
-7.891000
-7.814000
-7.814000
-7.814000
-7.968000
-7.891000
-7.738000
-7.891000
-7.814000
-7.891000
-7.738000
-7.814000
-7.968000
-7.891000
-7.891000
-7.814000
-7.891000
-7.814000
-7.891000
-7.814000
-7.891000
-7.891000
-7.891000
-7.814000
-7.891000
-7.891000
-7.968000
-7.968000
-7.738000
-7.891000
-7.814000
-7.814000
-7.891000
-7.891000
-7.738000
-7.891000
-7.891000
-7.891000
-7.814000
-7.891000
-7.891000
-7.891000
-7.814000
-7.814000
-7.814000
-7.814000
-7.814000
-7.891000
-7.814000
-7.814000
-7.891000
-7.814000
-7.891000
-7.814000
-7.814000
-7.814000
-7.891000
-7.891000
-7.891000
-7.814000
-7.814000
-7.891000
-7.814000
-7.814000
-7.891000
-7.891000
-7.891000
-7.891000
-7.891000
-7.891000
-7.814000
-7.891000
-7.814000
-7.814000
-7.891000
-7.891000
-7.891000
-7.891000
-7.891000
-7.814000
-7.891000
-7.814000
-7.814000
-7.814000
-7.814000
-7.814000
-7.891000
-7.891000
-7.738000
-7.891000
-8.044000
-7.814000
-7.891000
-7.891000
-7.891000
-7.891000
-7.891000
-7.891000
-7.891000
-7.891000
-7.891000
-7.814000
-7.891000
-7.814000
-7.891000
-7.814000
-7.891000