104.116075
104.116168
104.116465
104.116458
104.116638
104.116635
104.116533
104.116545
104.116627
104.116615
104.116362
104.116387
104.116395
104.116453
104.116648
104.116637
104.116767
104.116750
104.116503
104.116490
104.116793
104.116788
104.116875
104.116867
104.116453
104.116472
104.116925
104.116878
104.116580
104.116580
104.116627
104.116618
104.116627
104.116613
104.116535
104.116498
104.116435
104.116387
104.116590
104.116615
104.116708
104.116712
104.116533
104.116515
104.116500
104.116495
104.116788
104.116735
104.116722
104.116728
104.116780
104.116765
104.116775
104.116757
104.116922
104.116922
104.116990
104.116985
104.117093
104.117053
104.116815
104.116768
104.116063
104.116100
104.116537
104.116552
104.116830
104.116820
104.116610
104.116657
104.116797
104.116792
104.116157
104.116182
104.116368
104.116338
104.115903
104.115955
104.115895
104.115933
104.116153
104.116195
104.116082
104.116093
104.116242
104.116283
104.116300
104.116252
104.116092
104.116190
104.116177
104.116200
104.116242
104.116235
104.116088
104.116083
104.116220
104.116212
104.116385
104.116410
104.116360
104.116385
104.116170
104.116187
104.116430
104.116427
104.116687
104.116667
104.116273
104.116388
104.116477
104.116473
104.116917
104.116880
104.116533
104.116502
104.116352
104.116397
104.116480
104.116493
104.116407
104.116415
104.116485
104.116490
104.116573