30.684375
30.684418
30.684378
30.684382
30.684308
30.684318
30.684340
30.684410
30.684413
30.684417
30.684248
30.684258
30.684160
30.684133
30.684477
30.684468
30.684025
30.684020
30.684333
30.684322
30.684255
30.684235
30.684035
30.684025
30.684195
30.684185
30.684200
30.684197
30.684352
30.684347
30.684422
30.684403
30.684420
30.684402
30.684458
30.684442
30.684415
30.684417
30.684407
30.684353
30.684348
30.684367
30.684453
30.684445
30.684430
30.684415
30.684337
30.684340
30.684290
30.684285
30.684455
30.684455
30.684177
30.684183
30.684082
30.684093
30.683865
30.683913
30.683907
30.683942
30.684727
30.684668
30.684498
30.684522
30.684257
30.684260
30.684377
30.684422
30.684315
30.684345
30.684405
30.684400
30.684410
30.684418
30.684482
30.684485
30.684435
30.684430
30.684427
30.684430
30.684428
30.684448
30.684328
30.684328
30.684348
30.684380
30.684390
30.684472
30.684427
30.684465
30.684407
30.684397
30.684443
30.684428
30.684390
30.684393
30.684415
30.684425
30.684503
30.684502
30.684537
30.684545
30.684423
30.684423
30.684462
30.684448
30.684270
30.684308
30.684622
30.684532
30.684472
30.684457
30.684430
30.684425
30.684522
30.684518
30.684637
30.684593
30.684620
30.684600
30.684795
30.684742
30.684595
30.684575
30.684610