104.058665
104.06172
104.060282
104.060262
104.060507
104.060587
104.061615
104.061632
104.060703
104.060713
104.05998
104.060012
104.06016
104.060345
104.061385
104.06139
104.061647
104.060795
104.060782
104.060582
104.06058
104.060573
104.060573
104.060557
104.061683
104.061678
104.061625
104.061598
104.060995
104.060992
104.061082
104.061173
104.061047
104.061045
104.061145
104.061152
104.060942
104.061215
104.061282
104.061263
104.06123
104.061217
104.061028
104.061023
104.061162
104.061133
104.060927
104.06093
104.060723
104.060825
104.06079
104.060798
104.060682
104.060377
104.059995
104.059962
104.059642
104.059615
104.059437
104.059692
104.059475
104.05942
104.059353
104.05932
104.059323
104.059318
104.059792
104.059775
104.059435
104.059662
104.05979
104.059777
104.059725
104.059712
104.060062
104.060072
104.059885
104.059875
104.0598
104.059752
104.059722
104.059713
104.059375
104.059408
104.058855
104.058703
104.05841
104.05836
104.05935
104.059373
104.05935
104.059183
104.059038
104.059067
104.059292
104.059293
104.059248
104.05926
104.059373
104.059557
104.059567
104.059562
104.059863
104.059863
104.060055
104.06007
104.060422
104.060453
104.060915
104.060867
104.060445
104.060443