30.549662
30.551522
30.54863
30.54862
30.54879
30.548803
30.548452
30.548423
30.548712
30.548763
30.546243
30.54639
30.548275
30.548683
30.548985
30.548745
30.549232
30.548623
30.548675
30.548717
30.548678
30.54865
30.547638
30.547568
30.548265
30.548215
30.547917
30.547903
30.546712
30.546688
30.547317
30.547272
30.5477
30.547683
30.547732
30.547723
30.547722
30.547415
30.54757
30.547563
30.547792
30.547758
30.54763
30.547633
30.54779
30.54775
30.547012
30.546988
30.547082
30.547178
30.547197
30.547233
30.547215
30.547018
30.54694
30.546938
30.546738
30.546753
30.546795
30.547272
30.547415
30.54742
30.547208
30.547205
30.547792
30.547802
30.548023
30.548038
30.547632
30.548012
30.548057
30.548057
30.54813
30.548173
30.548597
30.548597
30.548408
30.548393
30.548508
30.548542
30.548862
30.548883
30.549233
30.549165
30.549147
30.549087
30.549127
30.549113
30.549372
30.549378
30.54935
30.548937
30.549087
30.549115
30.549268
30.549272
30.54953
30.549517
30.549423
30.549078
30.54955
30.549555
30.54908
30.549075
30.549178
30.549167
30.549575
30.549542
30.549542
30.5495
30.54879
30.548805