104.06086
104.060858
104.060753
104.060703
104.061083
104.061138
104.061152
104.061105
104.060905
104.060797
104.060885
104.060857
104.060593
104.060652
104.060432
104.060547
104.060548
104.060555
104.06011
104.059958
104.059863
104.059895
104.059532
104.059813
104.061655
104.061685
104.06171
104.061725
104.06172
104.061715
104.06158
104.061637
104.061642
104.061655
104.059278
104.059357
104.060097
104.060038
104.059867
104.059782
104.05948
104.058612
104.059613
104.05965
104.059495
104.059505
104.05929
104.059325
104.059677
104.05968
104.059738
104.059887
104.059913
104.059925
104.059905
104.059902
104.059917
104.059952
104.060333
104.060275
104.059893
104.059895
104.05915
104.059125
104.059308
104.0593
104.058972
104.058975
104.059
104.059023
104.059153
104.059167
104.059345
104.05936
104.05969
104.05977
104.060207
104.06021