30.548927
30.548915
30.548948
30.54894
30.548953
30.548943
30.548327
30.54822
30.548442
30.548687
30.548458
30.548523
30.549207
30.549248
30.549362
30.549138
30.549385
30.549342
30.549078
30.548842
30.54716
30.547152
30.547282
30.54634
30.54499
30.544943
30.54509
30.545053
30.545085
30.545055
30.545308
30.54527
30.54525
30.545202
30.546743
30.546642
30.546133
30.546242
30.547572
30.547502
30.54742
30.546287
30.547118
30.547075
30.546688
30.546722
30.548082
30.548065
30.547987
30.548048
30.547955
30.547937
30.547905
30.547847
30.547517
30.547577
30.548242
30.548315
30.549028
30.548977
30.549205
30.549275
30.550178
30.550065
30.549707
30.549692
30.549523
30.549517
30.549633
30.549617
30.54953
30.5495
30.550043
30.54998
30.549137
30.549178
30.549282
30.549277