-3.294000
-3.141000
-3.294000
-3.217000
-3.294000
-3.294000
-3.064000
3.984000
4.060000
5.669000
5.899000
5.822000
5.822000
6.665000
8.044000
6.512000
6.665000
5.209000
3.907000
7.585000
6.589000
1.838000
7.814000
10.649000
2.298000
4.980000
6.512000
3.524000
4.060000
9.960000
3.754000
4.750000
-0.229000
6.359000
8.121000
10.879000
3.217000
6.895000
8.657000
5.363000
7.891000
8.427000
7.891000
6.742000
2.145000
5.056000
6.818000
1.762000
10.803000
6.818000
6.129000
6.818000
6.665000
6.742000
6.742000
6.818000
6.742000
6.665000
7.125000
6.972000
6.818000
6.895000
6.818000
6.818000
6.818000
6.818000
6.895000
6.818000
6.895000
6.818000
6.895000
6.972000
6.742000
6.895000
6.818000
6.742000
6.818000
6.972000
6.972000
6.895000
6.895000
6.895000
6.972000
6.818000
6.818000
6.895000
6.895000
6.895000
6.818000
6.972000
6.895000
6.818000
6.895000
6.972000
6.818000
6.895000
6.742000
6.972000
6.972000
6.818000
6.895000
6.972000
6.895000
6.818000
6.895000
6.972000
6.895000
6.818000
6.818000
6.895000
6.895000
6.895000
6.895000
6.818000
6.972000
7.048000
6.895000
6.972000
6.895000
6.742000
6.818000
6.818000
7.048000
6.818000
6.742000
6.742000
6.895000
6.895000
6.895000
6.895000
7.048000
6.742000
6.972000
6.818000
6.818000
6.818000
6.895000
6.818000
6.895000
6.895000
6.972000
6.818000
6.972000
6.972000
6.972000
6.895000
6.972000
6.972000
6.895000
6.818000
5.133000
8.657000
2.681000
4.137000
4.213000
3.217000
7.968000
4.290000
2.375000
9.117000
9.270000
1.992000
12.411000
2.988000
3.907000
10.879000
5.286000
7.508000
4.750000
6.972000
5.133000
10.496000
9.194000
4.597000
9.423000
4.980000
4.903000
3.064000
4.903000
4.673000
6.972000
8.198000
3.907000
4.060000
5.669000
6.818000
5.669000
8.657000
6.052000
8.427000
7.891000
6.052000
3.141000
5.746000
6.359000
7.125000
7.814000
8.887000
13.561000
6.052000
1.379000
13.714000
4.520000
1.608000
10.496000
8.657000
9.194000
7.202000
5.516000
6.129000
17.468000
6.129000
3.984000
4.673000