-1.225000
-1.149000
-1.225000
-1.379000
-1.149000
-1.225000
-1.225000
0.229000
-2.604000
-2.988000
-2.834000
-2.988000
-2.834000
0.689000
-2.988000
-5.976000
-5.899000
-5.593000
-5.669000
-6.052000
-6.282000
-7.585000
-5.439000
-6.205000
-7.202000
-4.597000
-2.298000
-6.052000
-7.431000
-2.681000
-4.213000
-6.129000
-0.689000
-7.968000
-8.810000
-5.209000
-5.976000
-2.911000
-5.976000
-4.980000
-5.286000
-5.516000
-10.496000
-2.528000
-7.431000
-4.980000
-6.052000
-5.439000
-7.431000
-5.286000
-4.290000
-6.282000
-6.359000
-6.359000
-6.359000
-6.359000
-6.359000
-6.359000
-6.665000
-5.899000
-5.899000
-5.899000
-5.976000
-5.976000
-5.976000
-5.976000
-5.976000
-5.899000
-5.899000
-5.976000
-5.976000
-5.899000
-6.129000
-5.822000
-5.899000
-5.976000
-5.976000
-5.899000
-5.899000
-5.899000
-5.976000
-6.052000
-5.976000
-5.976000
-5.822000
-5.976000
-5.976000
-5.899000
-5.976000
-5.976000
-6.052000
-5.899000
-6.052000
-5.976000
-5.899000
-5.976000
-5.899000
-5.976000
-5.899000
-5.976000
-5.899000
-5.822000
-5.976000
-5.976000
-6.052000
-5.976000
-5.899000
-5.976000
-5.822000
-5.976000
-5.976000
-5.899000
-5.899000
-6.052000
-5.976000
-5.976000
-5.976000
-5.899000
-5.899000
-5.976000
-5.899000
-5.976000
-5.976000
-5.976000
-5.899000
-5.976000
-5.899000
-5.976000
-5.976000
-6.205000
-5.899000
-5.899000
-6.052000
-5.976000
-6.052000
-6.129000
-5.976000
-6.052000
-6.052000
-5.976000
-5.899000
-6.052000
-5.976000
-5.899000
-6.052000
-5.899000
-5.899000
-5.976000
-6.052000
-5.899000
-4.903000
-3.294000
-8.274000
-6.972000
-2.604000
-4.750000
-4.826000
-7.355000
-4.903000
-6.665000
-6.818000
-3.141000
-10.036000
0.076000
-4.290000
-5.822000
-3.524000
-3.601000
-2.451000
-4.903000
-0.459000
-4.903000
-3.217000
-6.129000
-3.217000
-3.371000
-6.129000
-5.669000
-2.145000
-7.508000
-2.451000
-4.213000
-1.149000
-1.762000
-9.194000
-5.822000
-2.451000
-5.209000
-5.286000
-3.984000
-4.367000
-5.133000
-9.040000
-2.758000
-2.221000
-7.048000
-3.064000
-3.371000
-0.459000
-6.205000
-2.834000
-5.593000
-3.984000
-9.807000
-3.064000
-10.956000
-5.746000
-6.512000
-5.669000
-2.068000
-6.205000
-7.048000
-5.516000
-5.899000