-8.504000
-8.427000
-8.504000
-8.581000
-8.427000
-8.504000
-8.504000
-7.355000
-9.807000
-6.589000
-6.435000
-6.359000
-6.359000
-8.198000
-9.117000
-3.371000
-1.302000
-3.984000
-2.988000
-6.052000
-6.589000
-0.459000
-5.669000
-9.423000
-5.822000
-4.290000
-7.355000
-3.217000
-0.612000
-7.431000
1.685000
0.612000
0.153000
-4.750000
-12.182000
-5.363000
-2.375000
-3.217000
-3.984000
1.608000
-5.746000
-3.371000
-1.532000
-6.052000
-1.915000
-1.762000
-3.984000
-3.601000
-8.274000
-3.677000
-1.608000
-1.608000
-1.685000
-1.608000
-1.685000
-1.685000
-1.608000
-1.685000
-5.976000
-2.145000
-2.298000
-2.221000
-2.221000
-2.221000
-2.145000
-2.221000
-2.145000
-2.221000
-2.221000
-2.221000
-2.298000
-2.145000
-2.221000
-2.145000
-2.221000
-2.145000
-2.221000
-2.221000
-2.221000
-2.145000
-2.145000
-2.145000
-2.221000
-2.221000
-2.221000
-2.221000
-2.145000
-2.221000
-2.221000
-2.221000
-2.145000
-2.221000
-2.221000
-2.145000
-2.221000
-2.145000
-2.221000
-2.145000
-2.221000
-2.221000
-2.221000
-2.145000
-2.221000
-2.221000
-2.221000
-2.221000
-2.298000
-2.221000
-2.221000
-2.221000
-2.145000
-2.221000
-2.221000
-2.221000
-2.221000
-2.145000
-2.221000
-2.221000
-2.298000
-2.221000
-2.221000
-2.221000
-2.221000
-2.221000
-2.145000
-2.145000
-2.145000
-2.221000
-2.221000
-2.221000
-2.221000
-2.221000
-2.221000
-2.221000
-2.221000
-2.221000
-2.298000
-2.145000
-2.221000
-2.145000
-2.221000
-2.145000
-2.145000
-2.221000
-2.221000
-2.145000
-2.298000
-2.221000
-2.145000
-2.298000
-3.754000
-4.673000
-1.992000
-6.052000
-3.447000
0.689000
-6.665000
-1.608000
0.842000
-6.435000
-4.367000
-3.064000
-7.431000
0.383000
-0.536000
-4.443000
-5.976000
-5.746000
-0.229000
-4.060000
4.290000
-9.807000
-4.520000
-2.834000
-5.133000
-0.766000
-2.988000
-2.528000
0.919000
-2.068000
-2.911000
-2.758000
-1.455000
2.911000
-8.044000
-1.838000
-1.072000
-3.601000
-3.371000
-3.371000
-4.826000
-2.681000
-2.528000
-1.915000
-3.677000
-3.601000
-3.141000
-2.221000
-5.899000
-3.371000
-4.290000
-9.807000
-5.363000
-6.818000
-10.113000
1.762000
-6.359000
-10.879000
-3.601000
-4.137000
-16.625000
0.919000
-4.290000
-5.593000