104.115700
104.116243
104.116223
104.116050
104.116085
104.112390
104.112727
104.116153
104.116180
104.116058
104.116125
104.116022
104.116035
104.115983
104.115973
104.115682
104.115693
104.115978
104.115943
104.115358
104.115348
104.115008
104.114967
104.114638
104.114602
104.114180
104.114117
104.113757
104.113743
104.113405
104.113383
104.112927
104.112912
104.112620
104.112567
104.112115
104.112063
104.111620
104.111590
104.111045
104.111018
104.110917
104.110900
104.110555
104.110512
104.110067
104.110028
104.109765
104.109715
104.109303
104.109260
104.109358
104.109275
104.108833
104.108837
104.109152
104.109183
104.109117
104.109103
104.109255
104.109247
104.109255
104.109262
104.109200
104.109150
104.109022
104.109025
104.109147
104.109158
104.109053
104.109042
104.109095
104.109083
104.109173
104.109162
104.109215
104.109197
104.109200
104.109178
104.109230
104.109225
104.108930
104.108940
104.109063
104.109052
104.109128
104.109138
104.108932
104.108950
104.108978
104.108985
104.108883
104.108878
104.109072
104.109057
104.109167
104.109168
104.109158
104.109160
104.108975
104.108978
104.109173
104.109148
104.109118
104.109123
104.109202
104.109208
104.109300
104.109292
104.108997
104.108997
104.108898
104.108903
104.109015
104.109017
104.109223
104.109230
104.109280
104.109288
104.109178
104.109165
104.109238
104.109228
104.109287
104.109283
104.109188
104.109197
104.109165
104.109125
104.109265
104.109263
104.109435
104.109440
104.109792
104.109808
104.109290
104.109273
104.109417
104.109402
104.109235
104.109208
104.109157
104.109152
104.109230
104.109250
104.108993
104.108983
104.108872
104.108920
104.109270
104.109265
104.109048
104.109048
104.109385
104.109410
104.109797
104.109827
104.109998
104.110035
104.110475
104.110465
104.110598
104.110628
104.111015
104.111072
104.111240
104.111278
104.111877
104.111905
104.112240
104.112255
104.112668
104.112770
104.112828
104.113122
104.113143
104.113367
104.113395
104.113538
104.113535
104.113788
104.113783
104.113908
104.113932
104.114088
104.114150
104.114827
104.114878
104.115508
104.115560
104.116065
104.116118
104.116820
104.116848
104.117567
104.117593
104.117620
104.118383
104.118433
104.118557
104.118582
104.118670
104.118675
104.118600
104.118557
104.118167
104.118117
104.117618
104.117552
104.117118
104.117077
104.116582
104.116558
104.116518