30.684350
30.684182
30.684172
30.684332
30.684323
30.685023
30.685017
30.684467
30.684423
30.684567
30.684502
30.684598
30.684537
30.684660
30.684630
30.684842
30.684828
30.684457
30.684493
30.685050
30.685040
30.685330
30.685355
30.685843
30.685858
30.686080
30.686113
30.686395
30.686450
30.686822
30.686842
30.687018
30.687065
30.687428
30.687460
30.687758
30.687798
30.688258
30.688250
30.688538
30.688553
30.688622
30.688603
30.688173
30.688138
30.687833
30.687807
30.687353
30.687322
30.686925
30.686877
30.686615
30.686657
30.686925
30.686925
30.686985
30.686952
30.686465
30.686467
30.686172
30.686162
30.686517
30.686507
30.686507
30.686433
30.686053
30.686055
30.686348
30.686333
30.686483
30.686445
30.686290
30.686277
30.686315
30.686322
30.686185
30.686180
30.686410
30.686378
30.686440
30.686430
30.686138
30.686152
30.686413
30.686388
30.686345
30.686342
30.686020
30.686042
30.686037
30.686047
30.686057
30.686063
30.686142
30.686143
30.686260
30.686252
30.686255
30.686263
30.686130
30.686145
30.686190
30.686198
30.686240
30.686243
30.686355
30.686357
30.686577
30.686538
30.686158
30.686163
30.686360
30.686333
30.686377
30.686365
30.686673
30.686630
30.686498
30.686432
30.686510
30.686475
30.686620
30.686600
30.686503
30.686503
30.686272
30.686252
30.686492
30.686452
30.686598
30.686595
30.686647
30.686632
30.686707
30.686682
30.686642
30.686620
30.686752
30.686712
30.686355
30.686337
30.686308
30.686297
30.686453
30.686445
30.686483
30.686403
30.686235
30.686225
30.686402
30.686398
30.686482
30.686452
30.686257
30.686195
30.685728
30.685672
30.685205
30.685152
30.684745
30.684688
30.684327
30.684267
30.683773
30.683712
30.683465
30.683412
30.682792
30.682722
30.682177
30.682127
30.681658
30.681385
30.681322
30.681008
30.680967
30.680528
30.680475
30.680092
30.680062
30.679887
30.679870
30.679950
30.679980
30.680217
30.680238
30.680375
30.680393
30.680628
30.680637
30.680735
30.680742
30.680988
30.681010
30.681238
30.681228
30.681232
30.681422
30.681417
30.681713
30.681775
30.682260
30.682322
30.682818
30.682853
30.683127
30.683150
30.683630
30.683670
30.683933
30.683975
30.684297
30.684330
30.684357