104.059912
104.059908
104.059903
104.059900
104.059897
104.059892
104.059893
104.059895
104.059890
104.059895
104.060590
104.060592
104.060587
104.060588
104.060615
104.060588
104.060560
104.060548
104.060580
104.060818
104.060828
104.060835
104.060840
104.060847
104.060918
104.060920
104.060917
104.060917
104.060917
104.060907
104.060907
104.060907
104.060907
104.060907
104.060958
104.060957
104.060957
104.060957
104.060957
104.060957
104.060957
104.060957
104.060957
104.060957
104.060920
104.060918
104.060923
104.060922
104.060922
104.060852
104.060873
104.060895
104.060915
104.060940
104.061237
104.061252
104.061262
104.061267
104.061275
104.061352
104.061345
104.061337
104.061333
104.061333
104.061327
104.061327
104.061327
104.061327
104.061327
104.061327
104.061327
104.061327
104.061327
104.061327
104.061327
104.061327
104.061327
104.061327
104.061327
104.061327
104.061327
104.061327
104.061327
104.061327
104.061327
104.061327
104.061327
104.061327
104.061327
104.061327
104.061327
104.061327
104.061327
104.061327
104.061327
104.061327
104.061327
104.061327
104.061327
104.061327
104.061327
104.061327
104.061327
104.061327
104.061327
104.061327
104.061327
104.061327
104.061327
104.061327
104.061327
104.061327
104.061327
104.061327
104.061327
104.061327
104.061327
104.061327
104.061327
104.061327
104.061327
104.061327
104.061327
104.061327
104.061327
104.061327
104.061327
104.061327
104.061327
104.061355
104.061355
104.061355
104.061355
104.061355
104.061355
104.061355
104.061355
104.061355
104.061355
104.061355
104.061355
104.061355
104.061355
104.061355
104.061355
104.061355
104.061355
104.061355
104.061355
104.061355
104.061355
104.061355
104.061355
104.061355
104.061355
104.061355
104.061355
104.061355
104.061355
104.061355
104.061355
104.061355
104.061355
104.061355
104.061355
104.061355
104.061355
104.061355
104.061355
104.061355
104.061355
104.061355
104.061355
104.061355
104.061355
104.061355
104.061355
104.061355
104.061355
104.061355
104.061355
104.061355
104.061355
104.061355
104.061355
104.061355
104.061355
104.061355
104.061355
104.061355
104.061355
104.061355
104.061355
104.061355
104.061355
104.061355
104.061355
104.061355
104.061355
104.061355
104.061355
104.061355
104.061355
104.061355
104.061355
104.061355
104.061355
104.061355
104.061355
104.061355
104.061355
104.061355
104.061355
104.061355
104.061355
104.061355
104.061355
104.061355
104.061355
104.061355
104.061355
104.061355
104.061355
104.061355
104.061355
104.061355
104.061355
104.061355
104.061355
104.061355
104.061355
104.061355
104.061355
104.061355
104.061355
104.061355
104.061355
104.061355
104.061355
104.061355
104.061355
104.061355
104.061355
104.061355
104.061355
104.061355
104.061355
104.061355
104.061355
104.061355
104.061355
104.061355
104.061355
104.061355
104.061355
104.061355
104.061355
104.061355
104.061355
104.061355
104.061355
104.061355
104.061355
104.061355
104.061355
104.061355
104.061355
104.061355
104.061355
104.061355
104.061355
104.061355
104.061355
104.061355
104.061355
104.061355
104.061355
104.061355
104.061355
104.061355
104.061355
104.061355
104.061355
104.061327
104.061327
104.061325
104.061325
104.061325
104.061325
104.061325
104.061325
104.061325
104.061325
104.061325
104.061325
104.061325
104.061325
104.061325
104.061325
104.061325
104.061325
104.061325
104.061325
104.061325
104.061325
104.061325
104.061325
104.061325
104.061325
104.061325
104.061325
104.061325
104.061325
104.061325
104.061325
104.061325
104.061325
104.061325
104.061325
104.061325
104.061325
104.061325
104.061325
104.061325
104.061325
104.061325
104.061325
104.061325
104.061325
104.061325
104.061325
104.061325
104.061325
104.061325
104.061325
104.061325
104.061325
104.061325
104.061325
104.061325
104.061325
104.061325
104.061325
104.061325
104.061325
104.061325
104.061325
104.061325
104.061325
104.061325
104.061325
104.061325
104.061325
104.061325
104.061325
104.061325
104.061325
104.061325
104.061325
104.061325
104.061325
104.061325
104.061325
104.061325
104.061325
104.061325
104.061325
104.061325
104.061325
104.061325
104.061325
104.061325
104.061325
104.061325
104.061325
104.061325
104.061325
104.061325
104.061325
104.061325
104.061325
104.061325
104.061325
104.061325
104.061325
104.061325
104.061325
104.061325
104.061323
104.061323
104.061323
104.061323
104.061323
104.061323
104.061323
104.061323
104.061323
104.061323
104.061323
104.061323
104.061323
104.061323
104.061323
104.061323
104.061323
104.061323
104.061323
104.061323
104.061323
104.061323
104.061323
104.061323
104.061323
104.061323
104.061323
104.061323
104.061323
104.061323
104.061323
104.061323
104.061323
104.061323
104.061323
104.061323
104.061323
104.061323
104.061323
104.061323
104.061323
104.061323
104.061323
104.061323
104.061323
104.061323
104.061323
104.061323
104.061323
104.061323
104.061323
104.061323
104.061323
104.061323
104.061323
104.061323
104.061323
104.061323
104.061323
104.061323
104.061323
104.061323
104.061323
104.061323
104.061323
104.061323
104.061323
104.061323
104.061323
104.061323
104.061323
104.061323
104.061323
104.061323
104.061323
104.061323
104.061323
104.061323
104.061323
104.061323
104.061323
104.061323
104.061323
104.061323
104.061323
104.061323
104.061323
104.061323
104.061323
104.061323
104.061323
104.061323
104.061323
104.061323
104.061323
104.061323
104.061323
104.061323
104.061323
104.061323
104.061323
104.061323
104.061323
104.061323
104.061323
104.061323
104.061323
104.061323
104.061323
104.061323
104.061323
104.061323
104.061323
104.061323
104.061323
104.061323
104.061323
104.061323
104.061323
104.061323
104.061323
104.061323
104.061323
104.061323
104.061323
104.061323
104.061323
104.061323
104.061323
104.061323
104.061323
104.061323
104.061323
104.061323
104.061323
104.061323
104.061323
104.061323
104.061323
104.061323
104.061323
104.061323
104.061323
104.061323
104.061323
104.061323
104.061323
104.061323
104.061323
104.061323
104.061323
104.061323
104.061323
104.061323
104.061323
104.061323
104.061323
104.061285
104.061283
104.061282
104.061282
104.061282
104.061282
104.061282
104.061282
104.061282
104.061282
104.061282
104.061282
104.061282
104.061282
104.061282
104.061282
104.061282
104.061282
104.061282
104.061282
104.061282
104.061282
104.061282
104.061282
104.061282
104.061282
104.061282
104.061282
104.061282
104.061282
104.061282
104.061282
104.061282
104.061282
104.061282
104.061282
104.061282
104.061282
104.061282
104.061282
104.061282
104.061282
104.061282
104.061282
104.061282
104.061282
104.061282
104.061282
104.061282
104.061282
104.061282
104.061282
104.061282
104.061282
104.061282
104.061282
104.061282
104.061282
104.061282
104.061282
104.061282
104.061282
104.061282
104.061282
104.061282
104.061282
104.061282
104.061282
104.061282
104.061282
104.061282
104.061282
104.061282
104.061282
104.061282
104.061282
104.061282
104.061282
104.061282
104.061282
104.061282
104.061282
104.061282
104.061282
104.061282
104.061282
104.061282
104.061282
104.061282
104.061282
104.061282
104.061282
104.061282
104.061282
104.061282
104.061267
104.061265
104.061262
104.061253
104.061253
104.061253
104.061253
104.061253
104.061253
104.061253
104.061253
104.061253
104.061253
104.061253
104.061253
104.061253
104.061253
104.061253
104.061278
104.061278
104.061277
104.061282
104.061285
104.061292
104.061295
104.061295
104.061302
104.061307
104.061307
104.061307
104.061307
104.061307
104.061307
104.061307
104.061307
104.061307
104.061307
104.061307
104.061307
104.061307
104.061307
104.061307
104.061307
104.061307
104.061307
104.061307
104.061307
104.061307
104.061307
104.061307
104.061307
104.061307
104.061307
104.061307
104.061307
104.061307
104.061307
104.061307
104.061307
104.061307
104.061307
104.061307
104.061307
104.061307
104.061307
104.061307
104.061307
104.061307
104.061307
104.061307
104.061307
104.061307
104.061307
104.061307
104.061307
104.061307
104.061307
104.061307
104.061307
104.061307
104.061307
104.061307
104.061307
104.061307
104.061307
104.061307
104.061307
104.061307
104.061307
104.061307
104.061307
104.061307
104.061307
104.061307
104.061307
104.061307
104.061307
104.061307
104.061307
104.061307
104.061307
104.061307
104.061307
104.061307
104.061307
104.061307
104.061307
104.061307
104.061307
104.061307
104.061307
104.061307
104.061307
104.061307
104.061307
104.061307
104.061307
104.061307
104.061307
104.061307
104.061307
104.061307
104.061307
104.061307
104.061307
104.061307
104.061307
104.061307
104.061350
104.061340
104.061333
104.061333
104.061333
104.061333
104.061333
104.061307
104.061302
104.061297
104.061297
104.061297
104.061297
104.061297
104.061293
104.061290
104.061290
104.061290
104.061290
104.061290
104.061290
104.061290
104.061290
104.061290
104.061290
104.061290
104.061290
104.061290
104.061290
104.061290
104.061290
104.061290
104.061290
104.061290
104.061290
104.061290
104.061290
104.061290
104.061290
104.061290
104.061290
104.061290
104.061290
104.061290
104.061290
104.061290
104.061290
104.061290
104.061290
104.061290
104.061290
104.061290
104.061290
104.061290
104.061290
104.061290
104.061290
104.061290
104.061290
104.061290
104.061290
104.061290
104.061290
104.061290
104.061290
104.061290
104.061290
104.061290
104.061290
104.061290
104.061290
104.061290
104.061290
104.061290
104.061290
104.061290
104.061290
104.061290
104.061290
104.061290
104.061290
104.061290
104.061290
104.061290
104.061290
104.061290
104.061290
104.061290
104.061290
104.061290
104.061290
104.061290
104.061290
104.061327
104.061323
104.061313
104.061313
104.061322
104.061322
104.061322
104.061322
104.061322
104.061322
104.061322
104.061322
104.061322
104.061322
104.061322
104.061322
104.061322
104.061322
104.061322
104.061322
104.061322
104.061322
104.061322
104.061322
104.061322
104.061322
104.061322
104.061322
104.061322
104.061320
104.061342
104.061350
104.061352
104.061355
104.061362
104.061367
104.061388
104.061403
104.061382
104.061352
104.061293
104.061225
104.061160
104.061098
104.061083
104.061050
104.061042
104.061035
104.061028
104.061012