30.548643
30.548648
30.548633
30.548618
30.548610
30.548600
30.548592
30.548593
30.548613
30.548617
30.549135
30.549143
30.549135
30.549190
30.549232
30.549220
30.549205
30.549202
30.549155
30.548958
30.548955
30.548963
30.548967
30.548968
30.548947
30.548947
30.548950
30.548950
30.548950
30.548957
30.548957
30.548957
30.548957
30.548957
30.548952
30.548952
30.548953
30.548958
30.548958
30.548958
30.548958
30.548958
30.548958
30.548958
30.548850
30.548842
30.548828
30.548818
30.548812
30.548523
30.548500
30.548480
30.548460
30.548438
30.548063
30.548050
30.548035
30.548028
30.548017
30.547708
30.547702
30.547702
30.547702
30.547703
30.547705
30.547705
30.547705
30.547705
30.547705
30.547705
30.547705
30.547705
30.547705
30.547705
30.547705
30.547705
30.547705
30.547705
30.547705
30.547705
30.547705
30.547705
30.547705
30.547705
30.547705
30.547705
30.547705
30.547705
30.547705
30.547705
30.547705
30.547705
30.547705
30.547705
30.547705
30.547705
30.547705
30.547705
30.547705
30.547705
30.547705
30.547705
30.547705
30.547705
30.547705
30.547705
30.547705
30.547705
30.547705
30.547705
30.547705
30.547705
30.547705
30.547705
30.547705
30.547705
30.547705
30.547705
30.547705
30.547705
30.547705
30.547705
30.547705
30.547705
30.547705
30.547705
30.547705
30.547705
30.547705
30.547723
30.547723
30.547723
30.547723
30.547723
30.547723
30.547723
30.547723
30.547723
30.547723
30.547723
30.547723
30.547723
30.547723
30.547723
30.547723
30.547723
30.547723
30.547723
30.547723
30.547723
30.547723
30.547723
30.547723
30.547723
30.547723
30.547723
30.547723
30.547723
30.547723
30.547723
30.547723
30.547723
30.547723
30.547723
30.547723
30.547723
30.547723
30.547723
30.547723
30.547723
30.547723
30.547723
30.547723
30.547723
30.547723
30.547723
30.547723
30.547723
30.547723
30.547723
30.547723
30.547723
30.547723
30.547723
30.547723
30.547723
30.547723
30.547723
30.547723
30.547723
30.547723
30.547723
30.547723
30.547723
30.547723
30.547723
30.547723
30.547723
30.547723
30.547723
30.547723
30.547723
30.547723
30.547723
30.547723
30.547723
30.547723
30.547723
30.547723
30.547723
30.547723
30.547723
30.547723
30.547723
30.547723
30.547723
30.547723
30.547723
30.547723
30.547723
30.547723
30.547723
30.547723
30.547723
30.547723
30.547723
30.547723
30.547723
30.547723
30.547723
30.547723
30.547723
30.547723
30.547723
30.547723
30.547723
30.547723
30.547723
30.547723
30.547723
30.547723
30.547723
30.547723
30.547723
30.547723
30.547723
30.547723
30.547723
30.547723
30.547723
30.547723
30.547723
30.547723
30.547723
30.547723
30.547723
30.547723
30.547723
30.547723
30.547723
30.547723
30.547723
30.547723
30.547723
30.547723
30.547723
30.547723
30.547723
30.547723
30.547723
30.547723
30.547723
30.547723
30.547723
30.547723
30.547723
30.547723
30.547723
30.547723
30.547723
30.547723
30.547723
30.547723
30.547763
30.547763
30.547763
30.547758
30.547758
30.547758
30.547758
30.547758
30.547758
30.547758
30.547758
30.547758
30.547758
30.547758
30.547758
30.547758
30.547758
30.547758
30.547758
30.547758
30.547758
30.547758
30.547758
30.547758
30.547758
30.547758
30.547758
30.547758
30.547758
30.547758
30.547758
30.547758
30.547758
30.547758
30.547758
30.547758
30.547758
30.547758
30.547758
30.547758
30.547758
30.547758
30.547758
30.547758
30.547758
30.547758
30.547758
30.547758
30.547758
30.547758
30.547758
30.547758
30.547758
30.547758
30.547758
30.547758
30.547758
30.547758
30.547758
30.547758
30.547758
30.547758
30.547758
30.547758
30.547758
30.547758
30.547758
30.547758
30.547758
30.547758
30.547758
30.547758
30.547758
30.547758
30.547758
30.547758
30.547758
30.547758
30.547758
30.547758
30.547758
30.547758
30.547758
30.547758
30.547758
30.547758
30.547758
30.547758
30.547758
30.547758
30.547758
30.547758
30.547758
30.547758
30.547758
30.547758
30.547758
30.547758
30.547758
30.547758
30.547758
30.547758
30.547758
30.547758
30.547758
30.547777
30.547775
30.547775
30.547775
30.547775
30.547775
30.547775
30.547775
30.547775
30.547775
30.547775
30.547775
30.547775
30.547775
30.547775
30.547775
30.547775
30.547775
30.547775
30.547775
30.547775
30.547775
30.547775
30.547775
30.547775
30.547775
30.547775
30.547775
30.547775
30.547775
30.547775
30.547775
30.547775
30.547775
30.547775
30.547775
30.547775
30.547775
30.547775
30.547775
30.547775
30.547775
30.547775
30.547775
30.547775
30.547775
30.547775
30.547775
30.547775
30.547775
30.547775
30.547775
30.547775
30.547775
30.547775
30.547775
30.547775
30.547775
30.547775
30.547775
30.547775
30.547775
30.547775
30.547775
30.547775
30.547775
30.547775
30.547775
30.547775
30.547775
30.547775
30.547775
30.547775
30.547775
30.547775
30.547775
30.547775
30.547775
30.547775
30.547775
30.547775
30.547775
30.547775
30.547775
30.547775
30.547775
30.547775
30.547775
30.547775
30.547775
30.547775
30.547775
30.547775
30.547775
30.547775
30.547775
30.547775
30.547775
30.547775
30.547775
30.547775
30.547775
30.547775
30.547775
30.547775
30.547775
30.547775
30.547775
30.547775
30.547775
30.547775
30.547775
30.547775
30.547775
30.547775
30.547775
30.547775
30.547775
30.547775
30.547775
30.547775
30.547775
30.547775
30.547775
30.547775
30.547775
30.547775
30.547775
30.547775
30.547775
30.547775
30.547775
30.547775
30.547775
30.547775
30.547775
30.547775
30.547775
30.547775
30.547775
30.547775
30.547775
30.547775
30.547775
30.547775
30.547775
30.547775
30.547775
30.547775
30.547775
30.547775
30.547775
30.547775
30.547775
30.547775
30.547775
30.547775
30.547828
30.547830
30.547833
30.547833
30.547833
30.547833
30.547833
30.547833
30.547833
30.547833
30.547833
30.547833
30.547833
30.547833
30.547833
30.547833
30.547833
30.547833
30.547833
30.547833
30.547833
30.547833
30.547833
30.547833
30.547833
30.547833
30.547833
30.547833
30.547833
30.547833
30.547833
30.547833
30.547833
30.547833
30.547833
30.547833
30.547833
30.547833
30.547833
30.547833
30.547833
30.547833
30.547833
30.547833
30.547833
30.547833
30.547833
30.547833
30.547833
30.547833
30.547833
30.547833
30.547833
30.547833
30.547833
30.547833
30.547833
30.547833
30.547833
30.547833
30.547833
30.547833
30.547833
30.547833
30.547833
30.547833
30.547833
30.547833
30.547833
30.547833
30.547833
30.547833
30.547833
30.547833
30.547833
30.547833
30.547833
30.547833
30.547833
30.547833
30.547833
30.547833
30.547833
30.547833
30.547833
30.547833
30.547833
30.547833
30.547833
30.547833
30.547833
30.547833
30.547833
30.547833
30.547833
30.547823
30.547823
30.547825
30.547832
30.547832
30.547832
30.547832
30.547832
30.547832
30.547832
30.547832
30.547832
30.547832
30.547832
30.547832
30.547832
30.547832
30.547832
30.547797
30.547803
30.547803
30.547798
30.547798
30.547800
30.547800
30.547798
30.547797
30.547793
30.547793
30.547793
30.547793
30.547793
30.547793
30.547793
30.547793
30.547793
30.547793
30.547793
30.547793
30.547793
30.547793
30.547793
30.547793
30.547793
30.547793
30.547793
30.547793
30.547793
30.547793
30.547793
30.547793
30.547793
30.547793
30.547793
30.547793
30.547793
30.547793
30.547793
30.547793
30.547793
30.547793
30.547793
30.547793
30.547793
30.547793
30.547793
30.547793
30.547793
30.547793
30.547793
30.547793
30.547793
30.547793
30.547793
30.547793
30.547793
30.547793
30.547793
30.547793
30.547793
30.547793
30.547793
30.547793
30.547793
30.547793
30.547793
30.547793
30.547793
30.547793
30.547793
30.547793
30.547793
30.547793
30.547793
30.547793
30.547793
30.547793
30.547793
30.547793
30.547793
30.547793
30.547793
30.547793
30.547793
30.547793
30.547793
30.547793
30.547793
30.547793
30.547793
30.547793
30.547793
30.547793
30.547793
30.547793
30.547793
30.547793
30.547793
30.547793
30.547793
30.547793
30.547793
30.547793
30.547793
30.547793
30.547793
30.547793
30.547793
30.547822
30.547825
30.547830
30.547830
30.547830
30.547830
30.547830
30.547810
30.547815
30.547817
30.547817
30.547817
30.547817
30.547817
30.547827
30.547837
30.547837
30.547837
30.547837
30.547837
30.547837
30.547837
30.547837
30.547837
30.547837
30.547837
30.547837
30.547837
30.547837
30.547837
30.547837
30.547837
30.547837
30.547837
30.547837
30.547837
30.547837
30.547837
30.547837
30.547837
30.547837
30.547837
30.547837
30.547837
30.547837
30.547837
30.547837
30.547837
30.547837
30.547837
30.547837
30.547837
30.547837
30.547837
30.547837
30.547837
30.547837
30.547837
30.547837
30.547837
30.547837
30.547837
30.547837
30.547837
30.547837
30.547837
30.547837
30.547837
30.547837
30.547837
30.547837
30.547837
30.547837
30.547837
30.547837
30.547837
30.547837
30.547837
30.547837
30.547837
30.547837
30.547837
30.547837
30.547837
30.547837
30.547837
30.547837
30.547837
30.547837
30.547837
30.547837
30.547837
30.547837
30.547788
30.547788
30.547788
30.547788
30.547783
30.547783
30.547783
30.547783
30.547783
30.547783
30.547783
30.547783
30.547783
30.547783
30.547783
30.547783
30.547783
30.547783
30.547783
30.547783
30.547783
30.547783
30.547783
30.547783
30.547783
30.547783
30.547783
30.547783
30.547783
30.547737
30.547657
30.547633
30.547610
30.547592
30.547562
30.547512
30.547447
30.547388
30.547312
30.547265
30.547240
30.547225
30.547210
30.547210
30.547207
30.547200
30.547207
30.547212
30.547208
30.547200