104.057833
104.057972
104.060457
104.060197
104.060445
104.060545
104.060013
104.060237
104.060738
104.060462
104.060878
104.060948
104.062583
104.062280
104.062743
104.062767
104.061568
104.061562
104.063020
104.063120
104.062483
104.062497
104.062553
104.062473
104.063815
104.064223
104.064245
104.064288
104.060893
104.061057
104.058302
104.058288
104.061482
104.061517
104.060987
104.061115
104.061808
104.061808
104.061482
104.061577
104.061872
104.061765
104.061490
104.061777
104.062295
104.062400
104.061947
104.061950
104.063282
104.063258
104.063055
104.063095
104.062442
104.062638
104.062737
104.063020
104.060028
104.060033
104.059327
104.059422
104.059242
104.059222
104.058737
104.058898
104.059325
104.059368
104.059212
104.059215
104.058295
104.058343
104.058517
104.058442
104.058567
104.058573
104.058340
104.058350
104.057790
104.057948
104.057927
104.059402
104.059395
104.058633
104.059332
104.060742
104.059922
104.061533
104.061535
104.060633
104.060572
104.060297
104.060202
104.060108
104.060827
104.060065
104.060262
104.060145
104.060302
104.061158
104.060917
104.061560
104.061568
104.061455
104.061520
104.062005
104.060607
104.060335
104.060092
104.060138
104.059015
104.057492
104.057427
104.057442
104.057720
104.057785
104.058670
104.058650
104.056482
104.056538
104.056573
104.056360
104.058372
104.058370
104.058308
104.058332
104.059120
104.059065
104.061005
104.060822
104.060508
104.058612
104.060547
104.060535
104.058898
104.058727
104.057913
104.057860
104.058550
104.058572
104.058475
104.058535
104.060653
104.060608
104.060608
104.058365
104.058197
104.058592
104.059022
104.059090
104.058462
104.058458
104.058573
104.058392