30.549452
30.549238
30.549865
30.549793
30.550052
30.550293
30.549348
30.549628
30.550150
30.549857
30.549762
30.549723
30.549677
30.549557
30.549848
30.549878
30.548923
30.548958
30.549660
30.549793
30.549042
30.549078
30.549400
30.549322
30.550032
30.550142
30.550177
30.550167
30.548503
30.548277
30.550612
30.550597
30.547662
30.547612
30.548402
30.548182
30.547220
30.547300
30.547753
30.547667
30.547353
30.547393
30.547402
30.547463
30.547453
30.547483
30.547290
30.547357
30.546823
30.546813
30.546593
30.546580
30.546677
30.546640
30.546528
30.546527
30.548622
30.548640
30.548847
30.548828
30.548740
30.548748
30.546023
30.546363
30.548950
30.548893
30.547738
30.547778
30.548583
30.548593
30.548497
30.548493
30.546570
30.546625
30.548720
30.548808
30.546407
30.547535
30.547402
30.547820
30.547850
30.548312
30.547815
30.547225
30.547300
30.548917
30.548935
30.547915
30.547840
30.548587
30.548595
30.548177
30.548538
30.547852
30.547900
30.548198
30.548308
30.548538
30.548452
30.549017
30.549030
30.548985
30.549007
30.548892
30.548030
30.548280
30.548467
30.548487
30.550213
30.550148
30.550182
30.550168
30.549052
30.549112
30.549073
30.549097
30.550813
30.550815
30.550773
30.550902
30.550885
30.550843
30.550675
30.550688
30.550028
30.550110
30.547872
30.548015
30.548408
30.550355
30.550892
30.550892
30.550217
30.550282
30.549395
30.549285
30.550288
30.550255
30.550892
30.550580
30.548267
30.548388
30.548433
30.550368
30.550482
30.550275
30.549305
30.549285
30.548523
30.548513
30.551405
30.551513