104.059587
104.059638
104.059647
104.059888
104.058803
104.060602
104.0606
104.060627
104.0605
104.062618
104.061962
104.060247
104.060375
104.060897
104.060897
104.06028
104.060545
104.061173
104.06119
104.061883
104.061818
104.061533
104.061438
104.061945
104.06169
104.061745
104.061705
104.061927
104.061887
104.061682
104.061712
104.061577
104.061573
104.060693
104.062077
104.061108
104.061108
104.063145
104.061233
104.060975
104.060962
104.060333
104.060278
104.061523
104.06138
104.061732
104.061828
104.061358
104.061445
104.061633
104.061655
104.061745
104.061688
104.061408
104.061353
104.061627
104.06169
104.061908
104.061922
104.061535
104.061545
104.061138
104.061215
104.061748
104.061738
104.061875
104.061855
104.061985
104.06196
104.06167
104.061638
104.060477
104.060578
104.062162
104.06217
104.061772
104.06176
104.061498
104.061493
104.06143
104.061345
104.061257
104.061253
104.060778
104.060762
104.060587
104.060633
104.060057
104.060123
104.060182
104.06018
104.059932
104.059893
104.059632
104.059605
104.059643
104.059662
104.060298
104.060277
104.059055
104.059158
104.059083
104.060328
104.060117
104.060432
104.059567
104.059522
104.05933
104.059322
104.059232
104.0592
104.059137
104.059195
104.05941
104.05937
104.059427
104.059448
104.059542
104.059453
104.05982
104.059812
104.059455
104.05946
104.059527
104.059508
104.060015
104.059987
104.059527
104.05952
104.059432
104.059392
104.060332
104.060312
104.059925
104.059895
104.058782
104.058815
104.058577
104.058552
104.058405
104.058435
104.05863
104.058635
104.058732
104.058727
104.058647
104.058545
104.058643
104.058632
104.0587
104.058707
104.05768
104.057508
104.058902
104.058895
104.058887
104.058892
104.058672
104.058628
104.058748
104.058737
104.058692
104.058685
104.058638
104.058625
104.058468
104.058398
104.05893
104.058892
104.0588
104.058822
104.058637
104.05865
104.058678
104.0587
104.058555
104.058717
104.058777
104.05874