30.549083
30.549082
30.549138
30.549135
30.548768
30.548908
30.548722
30.549892
30.549227
30.549245
30.54948
30.549025
30.549155
30.547527
30.547788
30.548778
30.548777
30.550727
30.550812
30.551127
30.551083
30.550263
30.550345
30.550307
30.550392
30.550452
30.550467
30.550915
30.550895
30.551045
30.551037
30.550738
30.550937
30.545552
30.546392
30.548608
30.548662
30.553795
30.547878
30.547077
30.546952
30.54942
30.549242
30.548108
30.547905
30.546402
30.546377
30.546232
30.54623
30.545818
30.54588
30.544123
30.544422
30.54524
30.545113
30.545687
30.545715
30.545648
30.545655
30.545655
30.545623
30.546272
30.546128
30.54574
30.545662
30.544882
30.544877
30.54527
30.54528
30.545385
30.545362
30.546322
30.546367
30.54673
30.546745
30.546555
30.546615
30.545523
30.545485
30.545402
30.54614
30.546127
30.546078
30.545755
30.545668
30.545952
30.545837
30.544458
30.544578
30.545423
30.54539
30.545735
30.545713
30.545552
30.545515
30.544627
30.544585
30.545422
30.545412
30.544808
30.544837
30.544752
30.54558
30.545432
30.547715
30.545078
30.545
30.548423
30.548437
30.548327
30.548333
30.54818
30.548277
30.548335
30.548348
30.548435
30.5484
30.548607
30.547383
30.548675
30.548685
30.548707
30.548757
30.548928
30.54892
30.549275
30.549285
30.549073
30.549125
30.549187
30.549155
30.549302
30.549347
30.54996
30.549913
30.549397
30.549393
30.549448
30.549433
30.549475
30.549453
30.548825
30.548852
30.549713
30.549878
30.54868
30.548725
30.548953
30.54896
30.55028
30.550237
30.547273
30.54728
30.549722
30.549717
30.54948
30.549602
30.54909
30.54903
30.549095
30.549163
30.548425
30.548675
30.549022
30.549065
30.549562
30.549367
30.54977
30.549698
30.550087
30.550063
30.547988
30.547985
30.548258
30.548242
30.549053
30.54914
30.548997
30.548967