104.060598
104.060613
104.060867
104.0606
104.059705
104.05985
104.060833
104.060822
104.060388
104.060388
104.060728
104.060708
104.06077
104.060782
104.060552
104.060613
104.060722
104.060755
104.060728
104.06076
104.06092
104.060918
104.061357
104.06136
104.060952
104.060993
104.062413
104.062358
104.061607
104.061588
104.061048
104.061062
104.061178
104.061167
104.060965
104.06094
104.06109
104.061025
104.060583
104.060572
104.060637
104.060655
104.061075
104.061047
104.060735
104.060817
104.060865
104.06089
104.061067
104.061077
104.060702
104.060685
104.060623
104.060595
104.060288
104.06034
104.060262
104.060212
104.060098
104.060058
104.059375
104.05939
104.059628
104.059637
104.059808
104.05974
104.059332
104.05932
104.059138
104.059128
104.059292
104.059317
104.060048
104.060015
104.060557
104.060545
104.06013
104.060135
104.059947
104.05996
104.059682
104.059677
104.05968
104.059728
104.060128
104.059822
104.059812
104.0599
104.059885
104.059702
104.05969
104.059683
104.05967
104.059512
104.059498
104.058973
104.058967
104.058842
104.058935
104.058872
104.057287
104.0572
104.058348
104.058285
104.058637
104.058655
104.059095
104.059082
104.058587
104.05864
104.059167
104.05915
104.058805
104.05885
104.059022
104.059015
104.059327
104.05933
104.059512
104.059527
104.059978
104.05997
104.06019
104.060248