30.548752
30.548775
30.549275
30.5493
30.54805
30.548332
30.550043
30.549992
30.548988
30.548987
30.549735
30.549697
30.550527
30.550447
30.549083
30.549165
30.549057
30.54907
30.549137
30.54917
30.549377
30.549338
30.549183
30.549193
30.548565
30.548613
30.550217
30.55019
30.548958
30.548938
30.549482
30.549458
30.549607
30.549568
30.549217
30.549178
30.547967
30.547925
30.548337
30.548313
30.548047
30.548005
30.5477
30.547693
30.547595
30.547592
30.547292
30.5473
30.547242
30.547218
30.546722
30.546735
30.547097
30.547073
30.547152
30.547115
30.546792
30.546812
30.546903
30.546883
30.546692
30.546683
30.547075
30.547142
30.547917
30.54787
30.547518
30.547503
30.54741
30.547408
30.547403
30.547395
30.548278
30.548278
30.548232
30.548228
30.548092
30.548093
30.54796
30.547968
30.547838
30.547842
30.547845
30.547895
30.54806
30.547488
30.547485
30.548345
30.548328
30.548333
30.548343
30.548218
30.548223
30.548675
30.548675
30.547965
30.548005
30.548155
30.54811
30.548175
30.54989
30.549905
30.54908
30.54905
30.549315
30.549297
30.549495
30.549462
30.549145
30.54914
30.549728
30.549725
30.548898
30.549247
30.549292
30.54929
30.549273
30.549237
30.54896
30.548975
30.54943
30.549438
30.549087
30.549168