104.0617
104.06174
104.061755
104.061693
104.061648
104.061575
104.061447
104.060553
104.060583
104.060602
104.060612
104.06062
104.060645
104.060718
104.060698
104.060657
104.060612
104.060605
104.060605
104.060613
104.060613
104.060613
104.060602
104.060592
104.06059
104.060567
104.060575
104.060577
104.060573
104.060588
104.060607
104.060648
104.060635
104.060643
104.060667
104.06067
104.060682
104.060687
104.060688
104.060707
104.06072
104.06072
104.06072
104.060725
104.060743
104.060743
104.06077
104.060775
104.060762
104.060762
104.060762
104.060755
104.060747
104.060743
104.060723
104.060723
104.06072
104.060745
104.060752
104.06076
104.060785
104.06082
104.060823
104.060828
104.060832
104.060843
104.060863
104.060863
104.060863
104.060863
104.060962
104.060977
104.06098
104.06098
104.06098
104.06098
104.06098
104.06098
104.06098
104.06098
104.06098
104.061025
104.061025
104.06102
104.061012
104.061008
104.06101
104.060987
104.060977
104.06095
104.060955
104.06096
104.06097
104.060973
104.060978
104.060988
104.060982
104.060982
104.060942
104.060933
104.060935
104.060933
104.060918
104.06091
104.060892
104.060882
104.060858
104.060853
104.060808
104.06079
104.060777
104.060725
104.060605
104.060607
104.060588
104.060585
104.06044
104.060432
104.06046
104.060465
104.060522
104.060523
104.060642
104.060642
104.060637
104.060637
104.060655
104.060672
104.060703
104.06071
104.060747
104.060747
104.060788
104.06083
104.060892
104.060907
104.061018
104.061032
104.061207
104.061242
104.061295
104.06131
104.06134
104.061343
104.061352
104.061345
104.061348
104.061347
104.061347
104.06133
104.061332
104.061358
104.061357
104.061357
104.061347
104.061322
104.061303
104.061287
104.061287
104.061275
104.06129
104.06126
104.06126
104.06126
104.061228
104.06122
104.06122
104.06122
104.06122
104.061153
104.061188
104.061245
104.06126
104.061245
104.061242
104.061238
104.061223
104.061217
104.061212
104.061217
104.061218
104.061217
104.0612
104.0612
104.061203
104.061207
104.061203
104.061202
104.061198
104.061197
104.061198
104.061203
104.061207
104.061205
104.061192
104.061183
104.061177
104.061155
104.061152
104.061148
104.061132
104.061123
104.061107
104.061092
104.061083
104.061075
104.06105
104.061037
104.061025
104.060997
104.060992
104.06099
104.060977
104.06097
104.060962
104.060948
104.060947
104.060937
104.060902
104.060892
104.060878
104.06085
104.060842
104.060838
104.060813
104.060807
104.0608
104.060787
104.06078
104.060772
104.060745
104.060737
104.06073
104.060707
104.060695
104.060692
104.060658
104.060647
104.060627
104.060602
104.060592
104.060578
104.060533
104.06053
104.06052
104.060497
104.060488
104.060475
104.060445
104.060435
104.060443
104.06042
104.060417
104.060413
104.060387
104.06038
104.060372
104.060347
104.060335
104.060248
104.060215
104.060105
104.06007
104.060025
104.060015
104.059987
104.059973
104.059917
104.059905
104.059845
104.05983
104.059797
104.059788
104.05973
104.059712
104.05965
104.059638
104.059583
104.059572
104.059538
104.059525
104.059477
104.05946
104.059343
104.05931
104.059217
104.0592
104.059162
104.059153
104.059147
104.059155
104.059168
104.059173
104.059177
104.059175
104.059163
104.059178
104.059178