30.549708
30.549702
30.549678
30.549652
30.54967
30.549715
30.549755
30.54933
30.549167
30.549052
30.549008
30.548978
30.548885
30.548993
30.549052
30.54908
30.549183
30.5492
30.549197
30.5492
30.549203
30.549212
30.549232
30.54925
30.549265
30.54928
30.54929
30.549283
30.549265
30.549232
30.549168
30.549018
30.548988
30.548978
30.548913
30.548903
30.548897
30.548898
30.5489
30.548897
30.548893
30.548897
30.5489
30.548872
30.548863
30.548867
30.548847
30.548847
30.548838
30.548825
30.548813
30.548803
30.548773
30.548773
30.548767
30.548752
30.548748
30.548752
30.548767
30.548768
30.548787
30.548812
30.548813
30.54882
30.548825
30.548835
30.548843
30.548843
30.548843
30.548843
30.548883
30.54889
30.548895
30.548895
30.548895
30.548895
30.548895
30.548895
30.548895
30.548895
30.548895
30.548922
30.54893
30.548943
30.54898
30.54899
30.548992
30.549055
30.549077
30.549135
30.549113
30.549077
30.549032
30.548988
30.548977
30.548968
30.548895
30.548893
30.548807
30.548807
30.548793
30.548788
30.548768
30.548765
30.548738
30.548733
30.548698
30.548695
30.548652
30.548645
30.548525
30.548483
30.548317
30.548297
30.548243
30.548233
30.548238
30.548232
30.548197
30.54818
30.548095
30.548092
30.548133
30.548127
30.548107
30.548105
30.548107
30.548103
30.548073
30.548072
30.54806
30.54806
30.548075
30.548072
30.548063
30.548055
30.547997
30.547988
30.547938
30.547927
30.547887
30.547877
30.54785
30.547845
30.547798
30.547778
30.547715
30.547707
30.547663
30.547633
30.547632
30.547633
30.547642
30.547642
30.547682
30.547733
30.54776
30.547792
30.547792
30.54795
30.547948
30.547775
30.547775
30.547775
30.547697
30.547675
30.547675
30.547675
30.547675
30.547642
30.54759
30.54752
30.547475
30.547453
30.547452
30.547447
30.54742
30.547412
30.5474
30.547377
30.54737
30.547365
30.547345
30.547335
30.547328
30.547305
30.547295
30.547285
30.547258
30.547247
30.547237
30.547208
30.5472
30.547192
30.547165
30.547163
30.547162
30.54717
30.547168
30.547167
30.547168
30.54717
30.547172
30.547175
30.547178
30.547182
30.5472
30.547197
30.547198
30.547207
30.54721
30.547202
30.5472
30.547197
30.547195
30.547193
30.547192
30.547193
30.547188
30.547185
30.547183
30.547177
30.547182
30.547187
30.547198
30.547202
30.547207
30.547218
30.54723
30.547235
30.547232
30.547225
30.547232
30.547242
30.547237
30.547237
30.547243
30.547245
30.547243
30.547257
30.547265
30.547272
30.547277
30.547278
30.547278
30.54728
30.547277
30.547282
30.547275
30.547277
30.547275
30.547267
30.547262
30.54726
30.54726
30.547258
30.547248
30.547263
30.54727
30.547322
30.547302
30.547257
30.54723
30.547212
30.547208
30.547197
30.547193
30.547195
30.547193
30.547192
30.54719
30.547192
30.547192
30.547183
30.547178
30.547172
30.54717
30.547162
30.547165
30.547182
30.547185
30.547183
30.547182
30.547167
30.547155
30.54712
30.547113
30.547137
30.547142
30.547177
30.547188
30.54722
30.547237
30.547273
30.547275
30.547282
30.54731
30.54738