104.060592
104.060843
104.060630
104.060590
104.060632
104.060613
104.060593
104.060587
104.060580
104.060528
104.060630
104.060258
104.060213
104.060210
104.060232
104.060255
104.060285
104.060495
104.060598
104.060655
104.060738
104.060808
104.060832
104.060835
104.060820
104.060782
104.060770
104.060765
104.060765
104.060755
104.060727
104.060697
104.060657
104.060635
104.060630
104.060637
104.060662
104.060670
104.060572
104.060550
104.060528
104.060532
104.060538
104.060550
104.060555
104.060572
104.060575
104.060622
104.060632
104.060597
104.060645
104.060635
104.060647
104.060652
104.060660
104.060667
104.060685
104.060702
104.060717
104.060725
104.060732
104.060738
104.060747
104.060753
104.060755
104.060758
104.060757
104.060757
104.060755
104.060755
104.060755
104.060755
104.060755
104.060755
104.060755
104.060755
104.060755
104.060755
104.060755
104.060755
104.060755
104.060755
104.060755
104.060755
104.060755
104.060755
104.060755
104.060755
104.060755
104.060755
104.060755
104.060755
104.060755
104.060755
104.060755
104.060755
104.060755
104.060755
104.060755
104.060755
104.060755
104.060755
104.060755
104.060755
104.060755
104.060755
104.060755
104.060755
104.060755
104.060755
104.060755
104.060755
104.060755
104.060755
104.060755
104.060755
104.060755
104.060755
104.060755
104.060755
104.060755
104.060755
104.060755
104.060755
104.060755
104.060755
104.060755
104.060755
104.060755
104.060755
104.060755
104.060755
104.060755
104.060755
104.060755
104.060755
104.060755
104.060755
104.060755
104.060755
104.060755
104.060755
104.060755
104.060755
104.060755
104.060755
104.060755
104.060755
104.060755
104.060755
104.060755
104.060755
104.060755
104.060755
104.060755
104.060755
104.060755
104.060755
104.060755
104.060755
104.060755
104.060755
104.060755
104.060755
104.060755
104.060755
104.060722
104.060730
104.060732
104.060732
104.060732
104.060722
104.060718
104.060713
104.060707
104.060700
104.060688
104.060685
104.060677
104.060665
104.060660
104.060657
104.060657
104.060657
104.060653
104.060658
104.060648
104.060645
104.060642
104.060638
104.060638
104.060640
104.060650
104.060647
104.060638
104.060642
104.060647
104.060650
104.060660
104.060667
104.060670
104.060677
104.060712
104.060735
104.060757
104.060773
104.060797
104.060802
104.060820
104.060818
104.060832
104.060832
104.060827
104.060827
104.060828
104.060827
104.060828
104.060828
104.060838
104.060848
104.060847
104.060845
104.060878
104.060892
104.060905
104.060917
104.060927
104.060923
104.060933
104.060942
104.060960
104.060983
104.060985
104.060983
104.060985
104.060995
104.061007
104.061017
104.061025
104.061045
104.061047
104.061050
104.061055
104.061068
104.061072
104.061077
104.061078
104.061078
104.061083
104.061090
104.061100
104.061115
104.061125
104.061137
104.061157
104.061165
104.061177
104.061187
104.061192
104.061195
104.061197
104.061198
104.061197
104.061198
104.061198
104.061198
104.061198
104.061198
104.061198
104.061198
104.061198
104.061198
104.061198
104.061198
104.061198
104.061198
104.061198
104.061198
104.061198
104.061198
104.061198
104.061198
104.061198
104.061198
104.061198
104.061198
104.061198
104.061198
104.061198
104.061198
104.061198
104.061198
104.061198
104.061198
104.061198
104.061198
104.061198
104.061198
104.061198
104.061198
104.061198
104.061198
104.061198
104.061198
104.061198
104.061198
104.061198
104.061198
104.061198
104.061198
104.061198
104.061198
104.061198
104.061198
104.061198
104.061198
104.061198
104.061198
104.061198
104.061198
104.061198
104.061198
104.061198
104.061198
104.061198
104.061198
104.061198
104.061198
104.061198
104.061198
104.061198
104.061198
104.061198
104.061198
104.061198
104.061198
104.061195
104.061195
104.061193
104.061193
104.061193
104.061193
104.061193
104.061187
104.061183
104.061182
104.061183
104.061183
104.061180
104.061173
104.061172
104.061173
104.061177
104.061175
104.061182
104.061182
104.061172
104.061165
104.061160
104.061163
104.061172
104.061165
104.061158
104.061155
104.061158
104.061162
104.061177
104.061185
104.061213
104.061220
104.061232
104.061250
104.061270
104.061293
104.061312
104.061328
104.061335
104.061332
104.061312
104.061287
104.061262
104.061217
104.061193
104.061177
104.061157
104.061132
104.061112
104.060998
104.060975
104.060953
104.060932
104.060920
104.060912
104.060900
104.060893
104.060882
104.060865
104.060858
104.060847
104.060820
104.060800
104.060788
104.060775
104.060763
104.060750
104.060733
104.060720
104.060705
104.060697
104.060683
104.060677
104.060667
104.060658
104.060653
104.060645
104.060637
104.060628
104.060618
104.060607
104.060592
104.060587
104.060580
104.060570
104.060555
104.060542
104.060532
104.060512
104.060493
104.060477
104.060453
104.060435
104.060418
104.060403
104.060393
104.060375
104.060352
104.060335
104.060322
104.060310
104.060302
104.060292
104.060282
104.060273
104.060262
104.060245
104.060228
104.060215
104.060202
104.060190
104.060178
104.060167
104.060153
104.060127
104.060113
104.060103
104.060097
104.060075
104.060057
104.060042
104.060025
104.059992
104.059980
104.059965
104.059945
104.059917
104.059905
104.059893
104.059880
104.059853
104.059837
104.059817
104.059798
104.059760
104.059745
104.059728
104.059713
104.059680
104.059667
104.059650
104.059632
104.059588
104.059572
104.059552
104.059535
104.059510
104.059500
104.059488
104.059477
104.059453
104.059433
104.059412
104.059400
104.059388
104.059373
104.059360
104.059345
104.059337
104.059328
104.059317
104.059303
104.059295
104.059277
104.059262
104.059252
104.059237
104.059223
104.059207
104.059200
104.059195
104.059193
104.059188
104.059188
104.059197
104.059207
104.059220
104.059230
104.059243
104.059250
104.059255
104.059258
104.059263
104.059262
104.059253
104.059250
104.059255
104.059260
104.059263
104.059270
104.059267
104.059280
104.059290
104.059298
104.059305
104.059310
104.059310
104.059307
104.059307
104.059313
104.059318
104.059327
104.059325
104.059325
104.059312
104.059313
104.059315
104.059312
104.059308
104.059307
104.059305
104.059310
104.059313
104.059315
104.059335
104.059342
104.059347
104.059352
104.059350
104.059343
104.059337
104.059337
104.059332
104.059325
104.059323
104.059320
104.059325
104.059323
104.059322
104.059322
104.059322
104.059322
104.059322
104.059322
104.059322
104.059322
104.059322
104.059322
104.059322
104.059322
104.059322
104.059322
104.059322
104.059322
104.059322
104.059322
104.059322
104.059322
104.059337
104.059338
104.059335
104.059335
104.059335
104.059335
104.059335
104.059335
104.059335
104.059335
104.059335
104.059335
104.059335
104.059335
104.059335
104.059335
104.059335
104.059335
104.059335
104.059335
104.059335
104.059335
104.059335
104.059335
104.059335
104.059335
104.059335
104.059335
104.059335
104.059335
104.059335
104.059403
104.059415
104.059420
104.059425
104.059425
104.059425
104.059425
104.059425
104.059425
104.059425
104.059425
104.059425
104.059507
104.059508
104.059513
104.059515
104.059515
104.059515
104.059515
104.059515
104.059515
104.059515
104.059515
104.059515
104.059515
104.059515
104.059515
104.059515
104.059507
104.059507
104.059505
104.059505
104.059510
104.059510
104.059508
104.059502
104.059493
104.059483
104.059472
104.059465
104.059460
104.059453
104.059452
104.059452
104.059445
104.059445
104.059452
104.059452
104.059452
104.059450
104.059453
104.059450
104.059457
104.059460
104.059463
104.059473
104.059487
104.059500
104.059512
104.059515
104.059522
104.059530
104.059547
104.059572
104.059577
104.059608
104.059632
104.059643
104.059643
104.059643
104.059650
104.059667
104.059677
104.059687
104.059697
104.059707
104.059712
104.059717
104.059723
104.059728
104.059733
104.059742
104.059743
104.059737
104.059743
104.059745
104.059747
104.059747
104.059752
104.059755
104.059758
104.059763
104.059767
104.059767
104.059762
104.059758
104.059758
104.059762
104.059755
104.059752
104.059747
104.059738
104.059738
104.059732
104.059722
104.059720
104.059712
104.059703
104.059698
104.059692
104.059685
104.059677
104.059662
104.059627
104.059597
104.059572
104.059555
104.059540
104.059518
104.059498
104.059478
104.059457
104.059440
104.059422
104.059400
104.059332
104.059295
104.059268
104.059238
104.059192
104.059170
104.059142
104.059113
104.059053
104.059032
104.059010
104.058988
104.058940
104.058917
104.058898
104.058882
104.058853
104.058843
104.058833
104.058827
104.058830
104.058835
104.058838
104.058843
104.058865
104.058877
104.058883
104.058895
104.058913
104.058935
104.058947
104.058960
104.058980
104.058982
104.058983
104.058990
104.058998
104.059005
104.059015
104.059032
104.059047
104.059057
104.059067
104.059075
104.059088
104.059093
104.059107
104.059118
104.059125
104.059135
104.059135
104.059135
104.059135
104.059135
104.059135
104.059135
104.059135
104.059135
104.059135
104.059135
104.059135
104.059135
104.059135
104.059245
104.059263
104.059273
104.059273
104.059273
104.059273
104.059277
104.059277
104.059282
104.059288
104.059288
104.059288
104.059288
104.059288
104.059288
104.059288
104.059288
104.059298
104.059295
104.059298
104.059305
104.059305
104.059290
104.059277
104.059267
104.059260
104.059248
104.059248
104.059248
104.059248
104.059248
104.059248
104.059248
104.059248
104.059163
104.059152
104.059142
104.059135
104.059135
104.059135
104.059135
104.059135
104.059195
104.059202
104.059207
104.059215
104.059215
104.059215
104.059215
104.059240
104.059247
104.059258
104.059268
104.059280
104.059290
104.059293
104.059283
104.059278
104.059267
104.059253
104.059243
104.059237
104.059248
104.059278
104.059300
104.059315
104.059332
104.059355
104.059393
104.059408
104.059423
104.059438
104.059458
104.059470
104.059493
104.059505
104.059492
104.059520
104.059535
104.059533
104.059603
104.059625
104.059647
104.059658
104.059667
104.059680
104.059695
104.059715
104.059753
104.059770
104.059793
104.059822
104.059840
104.059858
104.059860
104.059870
104.059893
104.059920
104.059955