30.550297
30.550253
30.549148
30.548702
30.548610
30.548820
30.548935
30.549098
30.549188
30.546265
30.546442
30.546727
30.546843
30.546893
30.546882
30.546877
30.546875
30.547092
30.547182
30.547232
30.547310
30.547378
30.547390
30.547393
30.547395
30.547575
30.547600
30.547628
30.547652
30.547675
30.547662
30.547647
30.547622
30.547623
30.547625
30.547638
30.547648
30.547650
30.547832
30.547947
30.548083
30.548123
30.548170
30.548232
30.548257
30.548262
30.548287
30.548353
30.548363
30.548360
30.548397
30.548397
30.548405
30.548412
30.548418
30.548427
30.548433
30.548438
30.548448
30.548453
30.548460
30.548472
30.548475
30.548483
30.548497
30.548507
30.548500
30.548498
30.548500
30.548500
30.548500
30.548500
30.548500
30.548500
30.548500
30.548500
30.548500
30.548500
30.548500
30.548500
30.548500
30.548500
30.548500
30.548500
30.548500
30.548500
30.548500
30.548500
30.548500
30.548500
30.548500
30.548500
30.548500
30.548500
30.548500
30.548500
30.548500
30.548500
30.548500
30.548500
30.548500
30.548500
30.548500
30.548500
30.548500
30.548500
30.548500
30.548500
30.548500
30.548500
30.548500
30.548500
30.548500
30.548500
30.548500
30.548500
30.548500
30.548500
30.548500
30.548500
30.548500
30.548500
30.548500
30.548500
30.548500
30.548500
30.548500
30.548500
30.548500
30.548500
30.548500
30.548500
30.548500
30.548500
30.548500
30.548500
30.548500
30.548500
30.548500
30.548500
30.548500
30.548500
30.548500
30.548500
30.548500
30.548500
30.548500
30.548500
30.548500
30.548500
30.548500
30.548500
30.548500
30.548500
30.548500
30.548500
30.548500
30.548500
30.548500
30.548500
30.548500
30.548500
30.548500
30.548500
30.548500
30.548500
30.548520
30.548512
30.548500
30.548490
30.548478
30.548467
30.548458
30.548443
30.548430
30.548418
30.548405
30.548390
30.548377
30.548358
30.548343
30.548327
30.548312
30.548297
30.548277
30.548265
30.548253
30.548238
30.548225
30.548208
30.548193
30.548177
30.548163
30.548153
30.548145
30.548133
30.548118
30.548107
30.548093
30.548078
30.548062
30.548048
30.548043
30.548035
30.548023
30.548015
30.548007
30.547992
30.547970
30.547957
30.547947
30.547935
30.547918
30.547900
30.547882
30.547863
30.547845
30.547832
30.547822
30.547807
30.547797
30.547787
30.547778
30.547770
30.547763
30.547762
30.547757
30.547738
30.547730
30.547720
30.547713
30.547695
30.547683
30.547672
30.547660
30.547663
30.547660
30.547650
30.547642
30.547622
30.547607
30.547592
30.547580
30.547553
30.547537
30.547525
30.547515
30.547490
30.547477
30.547468
30.547458
30.547447
30.547443
30.547450
30.547457
30.547467
30.547473
30.547473
30.547477
30.547480
30.547483
30.547488
30.547485
30.547485
30.547485
30.547485
30.547485
30.547485
30.547485
30.547485
30.547485
30.547485
30.547485
30.547485
30.547485
30.547485
30.547485
30.547485
30.547485
30.547485
30.547485
30.547485
30.547485
30.547485
30.547485
30.547485
30.547485
30.547485
30.547485
30.547485
30.547485
30.547485
30.547485
30.547485
30.547485
30.547485
30.547485
30.547485
30.547485
30.547485
30.547485
30.547485
30.547485
30.547485
30.547485
30.547485
30.547485
30.547485
30.547485
30.547485
30.547485
30.547485
30.547485
30.547485
30.547485
30.547485
30.547485
30.547485
30.547485
30.547485
30.547485
30.547485
30.547485
30.547485
30.547485
30.547485
30.547485
30.547485
30.547485
30.547485
30.547485
30.547485
30.547485
30.547485
30.547485
30.547485
30.547497
30.547495
30.547497
30.547498
30.547498
30.547498
30.547498
30.547473
30.547467
30.547463
30.547455
30.547455
30.547460
30.547487
30.547488
30.547492
30.547492
30.547495
30.547472
30.547450
30.547447
30.547438
30.547435
30.547453
30.547458
30.547428
30.547417
30.547412
30.547412
30.547402
30.547403
30.547397
30.547390
30.547377
30.547373
30.547378
30.547377
30.547377
30.547388
30.547393
30.547392
30.547385
30.547372
30.547352
30.547325
30.547292
30.547273
30.547252
30.547237
30.547232
30.547220
30.547163
30.547158
30.547172
30.547172
30.547177
30.547178
30.547177
30.547177
30.547158
30.547133
30.547098
30.547077
30.547082
30.547060
30.547045
30.547033
30.546992
30.546972
30.546980
30.546988
30.546997
30.546988
30.546997
30.546963
30.546968
30.546958
30.546930
30.546932
30.546928
30.546922
30.546907
30.546905
30.546905
30.546908
30.546913
30.546918
30.546913
30.546910
30.546907
30.546895
30.546885
30.546887
30.546877
30.546877
30.546878
30.546883
30.546885
30.546877
30.546870
30.546870
30.546872
30.546867
30.546863
30.546857
30.546858
30.546862
30.546865
30.546878
30.546878
30.546868
30.546857
30.546845
30.546832
30.546820
30.546807
30.546800
30.546800
30.546785
30.546775
30.546767
30.546748
30.546743
30.546735
30.546708
30.546692
30.546685
30.546678
30.546677
30.546667
30.546655
30.546647
30.546645
30.546638
30.546637
30.546640
30.546647
30.546640
30.546635
30.546627
30.546670
30.546683
30.546695
30.546702
30.546717
30.546725
30.546732
30.546742
30.546772
30.546783
30.546800
30.546808
30.546802
30.546797
30.546792
30.546797
30.546797
30.546793
30.546793
30.546797
30.546795
30.546793
30.546793
30.546798
30.546795
30.546793
30.546790
30.546792
30.546800
30.546803
30.546797
30.546787
30.546782
30.546775
30.546775
30.546777
30.546780
30.546785
30.546793
30.546800
30.546808
30.546818
30.546833
30.546840
30.546842
30.546842
30.546855
30.546877
30.546888
30.546897
30.546905
30.546912
30.546912
30.546920
30.546925
30.546933
30.546933
30.546945
30.546960
30.546973
30.546982
30.546987
30.546997
30.547010
30.547032
30.547052
30.547067
30.547085
30.547098
30.547117
30.547140
30.547165
30.547193
30.547217
30.547237
30.547243
30.547222
30.547232
30.547237
30.547248
30.547260
30.547267
30.547273
30.547278
30.547295
30.547310
30.547323
30.547330
30.547325
30.547323
30.547323
30.547323
30.547323
30.547323
30.547323
30.547323
30.547323
30.547323
30.547323
30.547323
30.547323
30.547323
30.547323
30.547323
30.547323
30.547323
30.547323
30.547323
30.547323
30.547323
30.547322
30.547325
30.547325
30.547325
30.547325
30.547325
30.547325
30.547325
30.547325
30.547325
30.547325
30.547325
30.547325
30.547325
30.547325
30.547325
30.547325
30.547325
30.547325
30.547325
30.547325
30.547325
30.547325
30.547325
30.547325
30.547325
30.547325
30.547325
30.547325
30.547325
30.547325
30.547387
30.547393
30.547398
30.547402
30.547402
30.547402
30.547402
30.547402
30.547402
30.547402
30.547402
30.547402
30.547460
30.547465
30.547472
30.547477
30.547477
30.547477
30.547477
30.547477
30.547477
30.547477
30.547477
30.547477
30.547477
30.547477
30.547477
30.547477
30.547510
30.547518
30.547522
30.547537
30.547552
30.547563
30.547568
30.547573
30.547580
30.547583
30.547583
30.547597
30.547612
30.547630
30.547645
30.547663
30.547673
30.547683
30.547700
30.547712
30.547728
30.547745
30.547757
30.547760
30.547782
30.547792
30.547808
30.547838
30.547863
30.547888
30.547917
30.547933
30.547958
30.547982
30.548013
30.548063
30.548085
30.548123
30.548158
30.548183
30.548198
30.548215
30.548233
30.548257
30.548278
30.548302
30.548322
30.548340
30.548353
30.548363
30.548375
30.548380
30.548387
30.548392
30.548408
30.548433
30.548438
30.548453
30.548462
30.548475
30.548495
30.548508
30.548513
30.548528
30.548540
30.548552
30.548558
30.548567
30.548573
30.548582
30.548598
30.548617
30.548628
30.548645
30.548670
30.548677
30.548690
30.548710
30.548723
30.548725
30.548727
30.548738
30.548743
30.548755
30.548758
30.548732
30.548732
30.548735
30.548750
30.548758
30.548748
30.548770
30.548777
30.548798
30.548818
30.548827
30.548838
30.548862
30.548897
30.548910
30.548917
30.548928
30.548943
30.548937
30.548930
30.548923
30.548935
30.548940
30.548958
30.548967
30.548970
30.548990
30.549015
30.549033
30.549045
30.549067
30.549088
30.549135
30.549142
30.549145
30.549143
30.549145
30.549140
30.549147
30.549153
30.549143
30.549143
30.549140
30.549130
30.549095
30.549082
30.549075
30.549100
30.549112
30.549113
30.549113
30.549105
30.549097
30.549100
30.549098
30.549092
30.549085
30.549082
30.549080
30.549077
30.549073
30.549070
30.549070
30.549070
30.549070
30.549070
30.549070
30.549070
30.549070
30.549070
30.549070
30.549070
30.549070
30.549070
30.549070
30.549088
30.549097
30.549100
30.549100
30.549100
30.549100
30.549090
30.549083
30.549082
30.549083
30.549083
30.549083
30.549083
30.549083
30.549083
30.549083
30.549083
30.549095
30.549093
30.549092
30.549093
30.549092
30.549078
30.549065
30.549052
30.549045
30.549037
30.549037
30.549037
30.549037
30.549037
30.549037
30.549037
30.549037
30.548983
30.548972
30.548965
30.548965
30.548965
30.548965
30.548965
30.548965
30.549020
30.549022
30.549025
30.549027
30.549027
30.549027
30.549027
30.549028
30.549038
30.549050
30.549053
30.549053
30.549053
30.549057
30.549052
30.549040
30.549022
30.549010
30.549003
30.548983
30.548968
30.548978
30.548997
30.549007
30.549020
30.549062
30.549063
30.549053
30.549057
30.549060
30.549073
30.549083
30.549085
30.549080
30.549038
30.549040
30.549037
30.549027
30.549017
30.549008
30.549008
30.549007
30.549017
30.549025
30.549030
30.549030
30.549018
30.549022
30.549010
30.549008
30.549005
30.549002
30.549002
30.548992
30.549000
30.549018
30.549027