104.060433
104.060507
104.059858
104.060160
104.060165
104.060167
104.060163
104.060160
104.060162
104.060175
104.060168
104.060178
104.060193
104.060205
104.060223
104.060245
104.060260
104.060270
104.060295
104.060303
104.060312
104.060320
104.060323
104.060300
104.060287
104.060287
104.060287
104.060287
104.060425
104.060432
104.060440
104.060440
104.060440
104.060440
104.060440
104.060440
104.060440
104.060463
104.060468
104.060475
104.060468
104.060480
104.060475
104.060485
104.060483
104.060488
104.060518
104.060537
104.060545
104.060572
104.060582
104.060603
104.060627
104.060637
104.060643
104.060670
104.060693
104.060710
104.060758
104.060777
104.060790
104.060815
104.060818
104.060820
104.060818
104.060822
104.060830
104.060857
104.060863
104.060870
104.060945
104.060958
104.060963
104.060977
104.060982
104.060987
104.060990
104.060987
104.060987
104.061045
104.061032
104.061032
104.061032
104.061032
104.061133
104.061187
104.061187
104.061187
104.061187
104.061187
104.061187
104.061187
104.061187
104.061187
104.061187
104.061187
104.061187
104.061215
104.061215
104.061217
104.061217
104.061217
104.061217
104.061217
104.061217
104.061217
104.061217
104.061217
104.061217
104.061217
104.061217
104.061217
104.061217
104.061217
104.061217
104.061217
104.061217
104.061217
104.061217
104.061217
104.061217
104.061248
104.061253
104.061270
104.061272
104.061285
104.061290
104.061283
104.061285
104.061305
104.061310
104.061322
104.061323
104.061313
104.061300
104.061232
104.061203
104.061167
104.061162
104.061083
104.061040
104.061027
104.061070
104.061167
104.061197
104.061220
104.061223
104.061248
104.061195
104.061207
104.061217
104.061235
104.061257
104.061265
104.061258
104.061250
104.061248
104.061248
104.061248
104.061248
104.061248
104.061248
104.061248
104.061248
104.061248
104.061248
104.061248
104.061248
104.061248
104.061248
104.061248
104.061248
104.061248
104.061248
104.061248
104.061248
104.061248
104.061248
104.061248
104.061248
104.061248
104.061248
104.061248
104.061248
104.061248
104.061248
104.061248
104.061248
104.061248
104.061248
104.061248
104.061248
104.061248
104.061248
104.061248
104.061248
104.061248
104.061248
104.061248
104.061248
104.061248
104.061248
104.061248
104.061250
104.061250
104.061248
104.061252
104.061253
104.061255
104.061255
104.061255
104.061268
104.061277
104.061277
104.061277
104.061280
104.061270
104.061255
104.061220
104.061220
104.061213
104.061225
104.061223
104.061195
104.061180
104.061178
104.061198
104.061188
104.061180
104.061188
104.061208
104.061215
104.061223
104.061258
104.061235
104.061227
104.061197
104.061187
104.061158
104.061145
104.061102
104.061088
104.061052
104.061065
104.061015
104.061008
104.060960
104.060950
104.060958
104.060955
104.060562
104.060538
104.060523
104.060542
104.060537
104.060538
104.060528
104.060557
104.060530
104.060488
104.060458
104.060428
104.060405
104.060390
104.060380
104.060372
104.060363
104.060350
104.060318
104.060315
104.060310
104.060303
104.060285
104.060278
104.060275
104.060165
104.060123
104.060117
104.060057
104.059982
104.059937
104.059890
104.059848
104.059778
104.059725
104.059660
104.059620
104.059565
104.059535
104.059552
104.059468
104.059493
104.059478
104.059477
104.059478
104.059470
104.059400
104.059360
104.059345
104.059332
104.059322
104.059328
104.059213
104.059175
104.059145
104.059113
104.059102
104.059138
104.059152
104.059177
104.059203
104.059215
104.059218
104.059223
104.059225
104.059223
104.059223
104.059208
104.059203
104.059203
104.059212
104.059210
104.059220
104.059230
104.059240
104.059245
104.059262
104.059275
104.059287
104.059295
104.059302
104.059318
104.059318
104.059337
104.059348
104.059353
104.059363
104.059328
104.059270
104.059257
104.059243
104.059242
104.059233
104.059230
104.059240
104.059248
104.059245
104.059248
104.059237
104.059240
104.059238
104.059242
104.059248
104.059240
104.059240
104.059240
104.059240
104.059240
104.059240
104.059240
104.059240
104.059348
104.059348
104.059347
104.059348
104.059340
104.059337
104.059308
104.059308
104.059308
104.059308
104.059308
104.059333
104.059335
104.059337
104.059338
104.059338
104.059515
104.059523
104.059538
104.059552
104.059555
104.059532
104.059517
104.059547
104.059508
104.059483
104.059057
104.058972
104.058917
104.058868
104.058917
104.058812
104.058820
104.058883
104.058980
104.059215
104.059330
104.059410
104.059492
104.059545
104.059673
104.059673
104.059670
104.059668
104.059685
104.059675
104.059652
104.059658
104.059670
104.059667
104.059662
104.059488
104.059557
104.059553
104.059468
104.059463
104.059490
104.059515
104.059542
104.058962
104.058935
104.058770
104.058772
104.058750
104.058727
104.058715
104.058633
104.058608
104.058588
104.058547
104.058500
104.058485
104.058470
104.058440
104.058407
104.058383
104.058428
104.058415
104.058393
104.058380
104.058373
104.058363
104.058365
104.058357
104.058427
104.058798
104.058837
104.058855
104.058867
104.058892
104.058927
104.058935
104.058952
104.058990
104.059012
104.058992
104.059023
104.059055
104.059063
104.059073
104.059080
104.059088
104.059082
104.059078
104.059078
104.059078
104.059078
104.059078
104.059078
104.059078
104.059078
104.059078
104.059078
104.059078
104.059078
104.059078
104.059078
104.059078
104.059078
104.059078
104.059078
104.059078
104.059078
104.059078
104.059078
104.059078
104.059078
104.059078
104.059078
104.059078
104.059078
104.059078
104.059078
104.059078
104.059078
104.059078
104.059078
104.059078
104.059078
104.059078
104.059078
104.059078
104.059078
104.059078
104.059078
104.059078
104.059078
104.059078
104.059078
104.059078
104.059078
104.059078
104.059078
104.059078
104.059078
104.059078
104.059078
104.059078
104.059078
104.059078
104.059078
104.059078
104.059078
104.059078
104.059078
104.059078
104.059078
104.059078
104.059078
104.059078
104.059078
104.059078
104.059148
104.059158
104.059182
104.059180
104.059192
104.059203
104.059232
104.059250
104.059262
104.059272
104.059300
104.059308
104.059310
104.059317
104.059335
104.059348
104.059363
104.059382
104.059402
104.059412
104.059427
104.059438
104.059467
104.059478
104.059495
104.059510
104.059540
104.059563
104.059592
104.059603
104.059623
104.059678
104.059780
104.059800
104.059823
104.059833
104.059888
104.059917
104.060848
104.060838
104.060782
104.060712
104.060668
104.060660