30.547980
30.547907
30.547797
30.547655
30.547672
30.547678
30.547683
30.547675
30.547695
30.547728
30.547727
30.547753
30.547798
30.547843
30.547883
30.547928
30.547957
30.547978
30.548015
30.548027
30.548037
30.548048
30.548055
30.548120
30.548135
30.548135
30.548135
30.548135
30.548325
30.548335
30.548350
30.548350
30.548350
30.548350
30.548350
30.548350
30.548350
30.548450
30.548457
30.548477
30.548517
30.548552
30.548565
30.548573
30.548568
30.548563
30.548568
30.548578
30.548588
30.548613
30.548617
30.548630
30.548632
30.548638
30.548638
30.548648
30.548637
30.548630
30.548652
30.548673
30.548682
30.548693
30.548707
30.548707
30.548738
30.548738
30.548743
30.548760
30.548760
30.548758
30.548758
30.548758
30.548762
30.548765
30.548768
30.548775
30.548803
30.548812
30.548812
30.548908
30.548885
30.548885
30.548885
30.548885
30.548927
30.549008
30.549008
30.549008
30.549008
30.549008
30.549008
30.549008
30.549008
30.549008
30.549008
30.549008
30.549008
30.549020
30.549025
30.549027
30.549027
30.549027
30.549027
30.549027
30.549027
30.549027
30.549027
30.549027
30.549027
30.549027
30.549027
30.549027
30.549027
30.549027
30.549027
30.549027
30.549027
30.549027
30.549027
30.549027
30.549027
30.549038
30.549027
30.548978
30.548962
30.548900
30.548885
30.548822
30.548810
30.548777
30.548762
30.548725
30.548713
30.548663
30.548648
30.548562
30.548535
30.548455
30.548433
30.548323
30.548282
30.548272
30.548193
30.548142
30.548102
30.548078
30.548077
30.548065
30.548012
30.547948
30.547877
30.547805
30.547753
30.547697
30.547695
30.547697
30.547695
30.547695
30.547695
30.547695
30.547695
30.547695
30.547695
30.547695
30.547695
30.547695
30.547695
30.547695
30.547695
30.547695
30.547695
30.547695
30.547695
30.547695
30.547695
30.547695
30.547695
30.547695
30.547695
30.547695
30.547695
30.547695
30.547695
30.547695
30.547695
30.547695
30.547695
30.547695
30.547695
30.547695
30.547695
30.547695
30.547695
30.547695
30.547695
30.547695
30.547695
30.547695
30.547695
30.547695
30.547695
30.547695
30.547695
30.547680
30.547675
30.547672
30.547643
30.547635
30.547627
30.547603
30.547600
30.547593
30.547580
30.547572
30.547565
30.547542
30.547535
30.547538
30.547460
30.547448
30.547432
30.547385
30.547380
30.547335
30.547322
30.547308
30.547253
30.547255
30.547210
30.547202
30.547175
30.547165
30.547143
30.547157
30.547147
30.547145
30.547152
30.547162
30.547240
30.547255
30.547258
30.547267
30.547247
30.547232
30.547227
30.547242
30.547283
30.547277
30.547297
30.547298
30.547002
30.546960
30.546922
30.546967
30.546972
30.546985
30.547022
30.547048
30.546950
30.547180
30.547235
30.547222
30.547165
30.547158
30.547130
30.547143
30.547140
30.547133
30.547118
30.547093
30.547085
30.547078
30.547060
30.547050
30.547035
30.547062
30.547098
30.547112
30.547137
30.547188
30.547215
30.547195
30.547217
30.547192
30.547190
30.547178
30.547133
30.547103
30.547055
30.547142
30.547118
30.547152
30.547152
30.547143
30.547123
30.547135
30.547092
30.547155
30.547155
30.547160
30.547160
30.547155
30.547208
30.547137
30.547203
30.547318
30.547373
30.547390
30.547462
30.547528
30.547570
30.547607
30.547620
30.547635
30.547645
30.547655
30.547670
30.547713
30.547743
30.547755
30.547765
30.547775
30.547783
30.547788
30.547793
30.547792
30.547802
30.547812
30.547822
30.547810
30.547820
30.547840
30.547863
30.547897
30.547900
30.547897
30.547895
30.547895
30.547857
30.547845
30.547840
30.547840
30.547847
30.547855
30.547882
30.547892
30.547897
30.547898
30.547863
30.547827
30.547822
30.547820
30.547818
30.547813
30.547813
30.547813
30.547813
30.547813
30.547813
30.547813
30.547813
30.547817
30.547792
30.547800
30.547797
30.547802
30.547807
30.547833
30.547833
30.547833
30.547833
30.547833
30.547838
30.547835
30.547832
30.547835
30.547832
30.547705
30.547687
30.547665
30.547645
30.547642
30.547640
30.547663
30.547688
30.547703
30.547692
30.547748
30.547737
30.547733
30.547745
30.547833
30.547885
30.547852
30.547830
30.547807
30.547803
30.547812
30.547803
30.547808
30.547823
30.547877
30.547893
30.547898
30.547910
30.547945
30.547987
30.548020
30.548140
30.548160
30.548168
30.548180
30.548275
30.548282
30.548283
30.548147
30.548155
30.548165
30.548170
30.548133
30.549852
30.549813
30.549770
30.549877
30.550025
30.550037
30.550097
30.550133
30.550140
30.550132
30.550140
30.550150
30.550157
30.550155
30.550150
30.550132
30.550123
30.550020
30.550022
30.550007
30.550013
30.549983
30.549997
30.550007
30.549965
30.549772
30.549203
30.549140
30.549122
30.549112
30.549102
30.549050
30.549022
30.549012
30.548998
30.548995
30.548962
30.548933
30.548950
30.548977
30.548988
30.548995
30.548987
30.548970
30.548960
30.548960
30.548960
30.548960
30.548960
30.548960
30.548960
30.548960
30.548960
30.548960
30.548960
30.548960
30.548960
30.548960
30.548960
30.548960
30.548960
30.548960
30.548960
30.548960
30.548960
30.548960
30.548960
30.548960
30.548960
30.548960
30.548960
30.548960
30.548960
30.548960
30.548960
30.548960
30.548960
30.548960
30.548960
30.548960
30.548960
30.548960
30.548960
30.548960
30.548960
30.548960
30.548960
30.548960
30.548960
30.548960
30.548960
30.548960
30.548960
30.548960
30.548960
30.548960
30.548960
30.548960
30.548960
30.548960
30.548960
30.548960
30.548960
30.548960
30.548960
30.548960
30.548960
30.548960
30.548960
30.548960
30.548960
30.548960
30.548960
30.549003
30.549007
30.549017
30.549020
30.549030
30.549040
30.549068
30.549083
30.549083
30.549088
30.549100
30.549102
30.549100
30.549102
30.549102
30.549098
30.549093
30.549088
30.549083
30.549085
30.549083
30.549083
30.549090
30.549092
30.549090
30.549083
30.549087
30.549083
30.549077
30.549067
30.549072
30.549087
30.549120
30.549117
30.549105
30.549100
30.549092
30.549102
30.549270
30.549265
30.549200
30.549113
30.549050
30.549037