-1.532000
-3.907000
-3.830000
-3.677000
-3.754000
-3.601000
-3.677000
-3.830000
-3.601000
-3.677000
-3.677000
-3.754000
-3.524000
-3.984000
-3.677000
-3.754000
-3.601000
-3.524000
-3.984000
-3.601000
-3.677000
-3.371000
-3.677000
-3.677000
-3.601000
-3.371000
-3.754000
-3.677000
-3.371000
-3.677000
-3.601000
-3.830000
-3.754000
-3.984000
-3.524000
-3.754000
-3.677000
-3.754000
-3.601000
-3.524000
-3.601000
-3.754000
-3.371000
-3.524000
-3.601000
-3.830000
-3.830000
-3.754000
-3.677000
-3.677000
-3.677000
-3.524000
-3.984000
-3.601000
-3.830000
-3.524000
-3.447000
-3.677000
-3.984000
-3.754000
-3.524000
-3.907000
-3.371000
-3.601000
-3.524000
-3.524000
-3.677000
-3.601000
-3.601000
-3.601000
-3.601000
-3.830000
-3.754000
-3.754000
-3.830000
-3.677000
-3.677000
-3.601000
-3.754000
-3.754000
-3.754000
-3.677000
-3.830000
-3.830000
-3.754000
-3.601000
-3.677000
-3.601000
-3.677000
-3.754000
-3.754000
-3.524000
-3.677000
-3.677000
-3.677000
-3.830000
-3.754000
-3.754000
-3.754000
-3.524000
-3.754000
-3.677000
-3.677000
-3.754000
-3.754000
-3.677000
-3.754000
-3.601000
-3.754000
-3.677000
-3.754000
-3.677000
-3.754000
-3.677000
-3.677000
-3.677000
-3.677000
-3.677000
-3.677000
-3.677000
-3.677000
-3.754000
-3.754000
-3.754000
-3.754000
-3.677000
-3.754000
-3.677000
-3.754000
-3.830000
-3.984000
-3.984000
-3.754000
-3.907000
-3.830000
-3.754000
-3.984000
-3.830000
-3.830000
-3.601000
-5.286000
-5.286000
-5.133000
-5.056000
-5.133000
-5.209000
-4.443000
-4.290000
-4.060000
-1.838000
-2.221000
-2.604000
-7.661000
1.072000
-2.375000
-0.383000
-1.072000
1.992000
1.838000
-0.459000
0.842000
-1.685000
0.076000
-4.750000
-4.673000
-4.750000
-4.750000
-4.826000
-4.750000
-4.826000
-4.673000
-4.750000
-4.826000
-4.673000
-4.826000
-4.673000
-4.826000
-4.750000
-4.750000
-4.826000
-4.750000
-4.826000
-4.826000
-4.673000
-4.826000
-4.673000
-4.826000
-4.750000
-4.750000
-4.750000
-4.673000
-4.750000
-4.673000
-4.750000
-4.750000
-4.826000
-4.673000
-4.597000
-4.750000
-4.750000
-4.826000
-4.673000
-4.750000
-4.673000
-4.597000
-4.673000
-4.673000
-4.826000
-4.673000
-4.826000
-4.750000
-4.826000
-4.597000
-4.673000
-4.750000
-4.826000
-4.673000
-4.673000
-4.673000
-4.597000
-4.903000
-4.750000
-4.750000
-4.826000
-4.903000
-4.673000
-4.903000
-4.750000
-4.673000
-4.750000
-4.826000
-4.750000
-4.673000
-4.673000
-4.750000
-4.826000
-4.673000
-4.826000
-4.673000
-4.750000
-4.826000
-4.673000
-4.673000
-4.826000
0.383000
0.536000
-2.375000
-1.685000
-4.597000
-6.512000
-3.447000
-3.217000
-6.359000
-2.681000
-5.669000
-6.282000
-2.988000
-3.064000
-1.762000
-3.830000
-1.685000
-2.451000
-4.137000
-6.665000
-4.826000
-6.205000
-4.980000
-6.052000
-2.145000
-4.213000
-2.911000
-5.746000
-5.899000
-1.838000
-6.742000