1.379000
-1.225000
-1.072000
-1.149000
-1.072000
-1.225000
-0.996000
-0.996000
-1.149000
-1.149000
-0.919000
-0.996000
-1.072000
-0.919000
-0.996000
-1.072000
-1.225000
-1.149000
-1.149000
-1.072000
-0.996000
-0.996000
-1.072000
-1.225000
-1.149000
-1.072000
-1.072000
-1.072000
-0.996000
-0.919000
-1.225000
-0.996000
-0.919000
-1.072000
-1.072000
-0.996000
-1.225000
-0.996000
-1.149000
-1.149000
-0.996000
-1.149000
-0.919000
-1.149000
-1.072000
-1.072000
-0.842000
-0.996000
-0.996000
-1.225000
-0.996000
-1.149000
-0.996000
-0.996000
-1.149000
-0.996000
-1.225000
-1.072000
-1.072000
-0.919000
-1.072000
-1.149000
-1.072000
-1.072000
-0.996000
-1.149000
-1.149000
-1.072000
-1.149000
-0.996000
-0.996000
-0.996000
-0.996000
-1.149000
-0.996000
-0.996000
-0.996000
-1.149000
-1.149000
-0.996000
-0.996000
-0.996000
-1.149000
-0.996000
-0.996000
-0.996000
-0.996000
-1.072000
-1.149000
-0.996000
-1.149000
-0.996000
-1.072000
-1.072000
-1.072000
-1.072000
-1.149000
-1.225000
-1.072000
-1.302000
-1.072000
-1.072000
-1.149000
-1.072000
-0.996000
-0.996000
-1.072000
-0.919000
-0.996000
-0.996000
-1.149000
-1.072000
-1.072000
-1.072000
-1.072000
-1.072000
-0.996000
-1.072000
-1.072000
-0.996000
-0.996000
-1.072000
-1.225000
-0.996000
-1.149000
-0.996000
-1.149000
-0.919000
-0.766000
-0.229000
-0.153000
-0.153000
-0.229000
-0.153000
-0.076000
-0.153000
0.000000
-0.153000
-0.229000
0.076000
-0.612000
-0.383000
-0.459000
-0.536000
-0.536000
-0.459000
1.455000
5.209000
-2.758000
4.213000
-1.149000
-0.383000
0.996000
2.451000
-1.532000
2.298000
2.681000
5.822000
0.996000
2.758000
-0.612000
0.000000
-1.149000
0.000000
-0.153000
-0.076000
0.000000
0.000000
-0.229000
-0.076000
-0.076000
-0.076000
-0.153000
-0.076000
-0.076000
-0.153000
-0.153000
0.000000
-0.076000
-0.076000
-0.076000
0.000000
-0.076000
-0.076000
-0.153000
-0.076000
-0.076000
-0.153000
-0.153000
-0.076000
0.000000
0.000000
-0.076000
-0.153000
-0.076000
-0.229000
-0.153000
-0.076000
-0.076000
-0.076000
-0.076000
0.000000
-0.076000
0.000000
0.000000
0.000000
-0.076000
-0.076000
0.000000
0.000000
0.000000
0.000000
-0.076000
-0.076000
-0.076000
-0.153000
-0.076000
-0.076000
0.000000
-0.153000
-0.153000
-0.153000
-0.153000
-0.229000
-0.153000
-0.076000
-0.076000
-0.076000
-0.076000
-0.076000
-0.076000
-0.076000
-0.229000
0.000000
0.000000
0.000000
-0.153000
-0.153000
0.000000
-0.076000
-0.153000
-0.076000
-0.076000
-0.229000
2.221000
0.306000
1.455000
-3.907000
-0.229000
-2.834000
-0.076000
-2.375000
-5.056000
-2.145000
-4.520000
-1.072000
-1.915000
-4.520000
-2.911000
-4.137000
-2.298000
-2.988000
-5.056000
-4.213000
-4.520000
-7.585000
-6.052000
-4.137000
-4.213000
-3.830000
-6.742000
-6.512000
-6.665000
-3.447000
2.604000