-6.818000
-8.274000
-8.274000
-8.351000
-8.351000
-8.351000
-8.351000
-8.351000
-8.198000
-8.274000
-8.427000
-8.274000
-8.274000
-8.351000
-8.274000
-8.351000
-8.274000
-8.274000
-8.351000
-8.351000
-8.351000
-8.274000
-8.351000
-8.351000
-8.351000
-8.351000
-8.351000
-8.274000
-8.351000
-8.274000
-8.274000
-8.274000
-8.274000
-8.274000
-8.351000
-8.274000
-8.351000
-8.351000
-8.351000
-8.274000
-8.274000
-8.427000
-8.351000
-8.274000
-8.274000
-8.351000
-8.274000
-8.351000
-8.274000
-8.274000
-8.274000
-8.351000
-8.351000
-8.351000
-8.351000
-8.351000
-8.427000
-8.351000
-8.351000
-8.274000
-8.274000
-8.351000
-8.274000
-8.351000
-8.351000
-8.427000
-8.351000
-8.351000
-8.351000
-8.274000
-8.274000
-8.274000
-8.351000
-8.351000
-8.274000
-8.274000
-8.351000
-8.274000
-8.351000
-8.351000
-8.274000
-8.274000
-8.351000
-8.274000
-8.274000
-8.351000
-8.274000
-8.274000
-8.274000
-8.274000
-8.274000
-8.351000
-8.351000
-8.351000
-8.351000
-8.351000
-8.274000
-8.274000
-8.351000
-8.274000
-8.274000
-8.274000
-8.351000
-8.274000
-8.274000
-8.274000
-8.274000
-8.274000
-8.351000
-8.274000
-8.351000
-8.351000
-8.351000
-8.351000
-8.351000
-8.351000
-8.351000
-8.351000
-8.351000
-8.351000
-8.274000
-8.274000
-8.351000
-8.274000
-8.274000
-8.274000
-8.351000
-8.274000
-8.351000
-8.427000
-8.198000
-8.274000
-8.274000
-8.274000
-8.351000
-8.274000
-8.351000
-8.351000
-8.351000
-8.427000
-7.585000
-7.661000
-7.585000
-7.661000
-7.661000
-7.661000
-5.439000
-5.593000
-8.274000
-9.653000
-6.435000
-8.427000
-9.270000
-8.198000
-5.516000
-9.194000
-10.496000
-8.198000
-10.573000
-8.198000
-11.032000
-9.040000
-10.879000
-7.891000
-7.891000
-7.891000
-7.891000
-7.891000
-7.891000
-7.968000
-7.814000
-7.891000
-7.968000
-7.968000
-7.968000
-7.891000
-7.968000
-7.891000
-7.968000
-7.968000
-7.968000
-7.891000
-7.891000
-7.891000
-7.814000
-7.891000
-7.814000
-7.891000
-7.814000
-7.814000
-7.891000
-7.891000
-7.891000
-7.891000
-7.891000
-7.814000
-7.891000
-7.891000
-7.968000
-7.891000
-7.814000
-7.968000
-7.968000
-7.891000
-7.814000
-7.891000
-7.891000
-7.891000
-8.044000
-7.891000
-7.891000
-7.814000
-7.891000
-7.968000
-7.968000
-7.891000
-7.968000
-7.968000
-7.891000
-7.968000
-7.891000
-7.891000
-7.968000
-7.968000
-7.891000
-7.891000
-7.891000
-7.814000
-7.814000
-7.814000
-7.814000
-7.891000
-7.891000
-7.891000
-7.968000
-7.891000
-7.968000
-7.814000
-7.891000
-7.891000
-7.891000
-7.891000
-7.891000
-7.891000
-10.573000
-8.581000
-8.427000
-6.742000
-6.589000
-8.887000
-5.669000
-5.056000
-9.883000
-4.980000
-10.496000
-11.339000
-4.980000
-9.730000
-5.746000
-6.818000
-9.347000
-4.597000
-9.653000
-10.573000
-4.367000
-8.504000
-4.673000
-8.734000
-4.290000
-7.814000
-7.508000
-8.198000
-8.427000
-4.826000
-4.750000