104.116372
104.116383
104.116275
104.116313
104.116198
104.116210
104.116393
104.116398
104.116200
104.116197
104.116190
104.116173
104.115952
104.115972
104.116315
104.116303
104.116213
104.116215
104.115938
104.115958
104.116012
104.116008
104.115847
104.115842
104.115858
104.115743
104.115682
104.115708
104.115992
104.116080
104.116137
104.116082
104.115992
104.116015
104.116203
104.116172
104.116158
104.116172
104.116202
104.116208
104.116062
104.116140
104.116050
104.116045
104.116280
104.116308
104.116302
104.116432
104.116535
104.116578
104.116568
104.116600
104.116763
104.116705
104.116120
104.116150
104.116158
104.116158
104.116348
104.116308
104.116295
104.116300
104.116280
104.116292
104.116292
104.116298
104.116270
104.116250
104.116290
104.116300
104.116297
104.116293
104.116295
104.116290
104.116285
104.116285
104.116238
104.116162
104.116160
104.116155
104.116290
104.116298
104.116323
104.116337
104.116343
104.116345
104.116347
104.116358
104.116355
104.116352
104.116388
104.116400
104.116342
104.116347
104.116323
104.116310
104.116358
104.116367
104.116363
104.116368
104.116360
104.116365
104.116372
104.116368
104.116378
104.116388
104.116387
104.116387
104.116398
104.116403
104.116410
104.116410
104.116430
104.116438
104.116610
104.116605
104.116507
104.116497
104.116373
104.116365
104.116005
104.116050
104.116090
104.116112
104.116050
104.116068
104.116057
104.116073
104.116235
104.116248
104.116337
104.116342
104.116333
104.116307
104.116333
104.116348
104.116355
104.116483
104.116505
104.116513
104.116505
104.116332
104.116345
104.116363
104.116368
104.116293
104.116335
104.116348
104.116562
104.116562
104.115883
104.115870
104.115458
104.115343
104.115210
104.115198
104.115347
104.115435
104.115468
104.115500
104.115527
104.115692
104.115733
104.116015
104.116227
104.115633
104.115833
104.116045
104.116020
104.115973
104.115965
104.115850
104.115878
104.116042
104.116038
104.116033
104.116027
104.116027
104.116043
104.116058
104.116055
104.116158
104.116145
104.116058
104.116055
104.116022
104.116018
104.116208
104.116192
104.116160
104.116152
104.115823
104.115828
104.116022
104.116012
104.116038
104.116050
104.116103
104.116097
104.115905
104.115923
104.116075
104.116063
104.116145
104.116143
104.116177
104.116160
104.115940
104.115943
104.115857
104.115848
104.115953
104.115943
104.115872
104.115925
104.115847
104.115888
104.116178
104.116133
104.116040
104.116005
104.116370
104.116292
104.116013
104.116005
104.116045
104.116037
104.115942
104.115950
104.115922
104.115897
104.116200
104.115975
104.115935
104.115957
104.116007
104.115987
104.115907
104.115912
104.115697
104.115703
104.115932
104.115893
104.115880
104.115873
104.116275
104.116272
104.116540
104.116532
104.116860
104.116860
104.117027
104.117052
104.117318
104.117338
104.117562
104.117578
104.117710
104.117725
104.117897
104.117872
104.117648
104.117627
104.117402
104.117383
104.117330
104.117293
104.117047
104.117033
104.117013
104.116702
104.116493
104.116488
104.116198
104.116193