30.684260
30.684247
30.684252
30.684288
30.684453
30.684463
30.684395
30.684398
30.684257
30.684237
30.684298
30.684290
30.684213
30.684225
30.684333
30.684337
30.684213
30.684220
30.684207
30.684207
30.684242
30.684242
30.684142
30.684137
30.684157
30.684148
30.684022
30.684033
30.684187
30.684315
30.684222
30.684218
30.684238
30.684245
30.684253
30.684262
30.684250
30.684253
30.684205
30.684180
30.684522
30.684508
30.684353
30.684350
30.684388
30.684418
30.684435
30.684272
30.684293
30.684307
30.684473
30.684463
30.684477
30.684475
30.684555
30.684538
30.684493
30.684475
30.684555
30.684567
30.684583
30.684578
30.684503
30.684518
30.684478
30.684452
30.684428
30.684422
30.684370
30.684368
30.684362
30.684353
30.684278
30.684270
30.684277
30.684287
30.684307
30.684270
30.684263
30.684257
30.684188
30.684178
30.684193
30.684202
30.684207
30.684215
30.684193
30.684222
30.684228
30.684237
30.684260
30.684267
30.684295
30.684303
30.684302
30.684297
30.684303
30.684288
30.684278
30.684282
30.684323
30.684335
30.684353
30.684342
30.684335
30.684342
30.684335
30.684330
30.684332
30.684332
30.684342
30.684348
30.684405
30.684423
30.684617
30.684615
30.684623
30.684592
30.684310
30.684285
30.684427
30.684423
30.684337
30.684328
30.684435
30.684403
30.684322
30.684323
30.684320
30.684333
30.684370
30.684377
30.684350
30.684342
30.684338
30.684325
30.684317
30.684290
30.684288
30.684287
30.684293
30.684458
30.684465
30.684490
30.684475
30.684390
30.684373
30.684370
30.684488
30.684492
30.685187
30.685138
30.684235
30.684150
30.683908
30.683833
30.683703
30.683113
30.683035
30.682895
30.682847
30.682303
30.682282
30.681848
30.681877
30.682045
30.682008
30.681918
30.681947
30.681858
30.681863
30.681878
30.681872
30.681842
30.681847
30.681848
30.681858
30.681872
30.681870
30.681837
30.681843
30.681810
30.681818
30.681843
30.681842
30.681907
30.681903
30.681900
30.681907
30.681932
30.681927
30.682032
30.682013
30.681913
30.681913
30.681865
30.681867
30.681895
30.681897
30.681905
30.681900
30.681878
30.681878
30.681883
30.681875
30.681867
30.681873
30.681927
30.681927
30.681983
30.681987
30.681962
30.681968
30.681980
30.681945
30.681793
30.681827
30.681947
30.681935
30.681805
30.681880
30.682053
30.682038
30.681925
30.681918
30.681988
30.682038
30.681993
30.682005
30.682067
30.682033
30.682318
30.682053
30.682068
30.682065
30.682152
30.682147
30.682078
30.682087
30.682082
30.682085
30.682147
30.682132
30.682220
30.682208
30.682475
30.682452
30.682040
30.682035
30.682347
30.682338
30.682290
30.682292
30.682490
30.682513
30.682678
30.682687
30.682983
30.683000
30.683182
30.683222
30.683283
30.683290
30.683497
30.683508
30.683738
30.683712
30.684025
30.684018
30.684030
30.684048
30.683992
30.683993
30.684308
30.684298